4.997076343260443698e-01,3.017453266979501336e+00,-2.278368998330503443e-36,0.000000000000000000e+00,3.239643142273122634e-37,0.000000000000000000e+00,5.014440098886273622e-01,3.017444240578059489e+00,1.873685205524754050e-03,3.471089991973074634e-02,-2.234379538404172090e-04,3.734828079093246989e-02,5.065980333786481715e-01,3.017432824330701813e+00,7.193509127893547156e-03,6.835063532420862509e-02,-5.125887288136116941e-04,6.892609429856560999e-02,5.150630664540075676e-01,3.017451991613695483e+00,1.538598754308344481e-02,1.009251961197497882e-01,-1.079967702360371722e-03,9.481326267461141766e-02,5.267325880216360279e-01,3.017539570454707665e+00,2.588580257586639566e-02,1.324305892063242507e-01,-2.068103985478967049e-03,1.150927873588653977e-01,5.414993423270411110e-01,3.017736005294887391e+00,3.813606650023487754e-02,1.628541986473668324e-01,-3.554888455492027314e-03,1.298492288295462760e-01,5.592547271703919298e-01,3.018082297152202997e+00,5.158824556026331276e-02,1.921780474171680964e-01,-5.558594399044668004e-03,1.391636461725353491e-01,5.798884844441734021e-01,3.018618134149585241e+00,6.570140535015442373e-02,2.203832124868039255e-01,-8.042684821204182377e-03,1.431052032929850115e-01,6.032887167696741049e-01,3.019380227832209052e+00,7.994049612046255637e-02,2.474545103221721665e-01,-1.092029255982390583e-02,1.417204596290167207e-01,6.293422149520883080e-01,3.020400861506715273e+00,9.377344724390943020e-02,2.733848100061587183e-01,-1.405844089831240033e-02,1.350203441597371545e-01,8.968070271586812581e+00,3.424339562914210378e-01,1.038667785185649839e+00,8.717404181983063438e+00,3.149576651550961004e-01,9.008792131230539679e-01,8.469781446315616691e+00,2.628433663705960766e-01,7.632215444293003470e-01,8.224297865413335629e+00,1.927623232896490679e-01,6.246300705038605461e-01,7.980119362700474284e+00,1.107629736188037312e-01,4.841036506631956060e-01,7.736544945622181757e+00,2.229147563771043811e-02,3.406897350285404413e-01,7.493079992799411393e+00,-6.780898601363037626e-02,1.934524625738277825e-01,7.249454358501322027e+00,-1.552502762336500364e-01,4.145257918895720733e-02,7.005616809028559544e+00,-2.363000837480513650e-01,-1.162890387337778553e-01
5.064440094501880818e-01,3.026104492560782067e+00,1.873686255276744029e-03,3.471090340840089078e-02,-2.234391954795011568e-04,3.734827187260360976e-02,5.114342891685738079e-01,3.025817126049110239e+00,6.933199778342506031e-03,6.504198970479879716e-02,-5.995846143099651908e-03,6.375356900637750568e-02,5.194476913931926898e-01,3.025072206428217392e+00,1.450766930902989450e-02,9.502729154449535143e-02,-1.067189725232597225e-02,8.765959401126080519e-02,5.304564615560780627e-01,3.024036712576230190e+00,2.432819303710639230e-02,1.246734800676335686e-01,-1.437926523753724900e-02,1.086870017727143006e-01,5.444334356215647652e-01,3.022883306865543407e+00,3.607805284793544343e-02,1.540114716869736278e-01,-1.720647970062723006e-02,1.262604762033475159e-01,5.613521955208637948e-01,3.021789846957112502e+00,4.937366022499695140e-02,1.830923875835604175e-01,-1.919683600235329649e-02,1.396192816103412615e-01,5.811871169723685782e-01,3.020938595207166788e+00,6.374637738423326316e-02,2.119838867141810024e-01,-2.034017086872822247e-02,1.478239607313681370e-01,6.039133778271755792e-01,3.020515046513810642e+00,7.862482059037344262e-02,2.407661835224910452e-01,-2.056227792808971305e-02,1.497589593407688546e-01,6.295069977259559746e-01,3.020706306096839544e+00,9.331709233458100605e-02,2.695270172942558218e-01,-1.971147682231212672e-02,1.441281776833378547e-01,6.579449868565940829e-01,3.021698951481083473e+00,1.069922102752711573e-01,2.983545225683587043e-01,-1.754183818517820320e-02,1.294428242211650149e-01,7.867726019390175907e+00,-1.603718076262961700e+00,6.953154596532840070e-01,7.817906675809645378e+00,-1.178711441486446132e+00,6.544322321013270605e-01,7.775311695458920980e+00,-7.702406200325352392e-01,6.006795896027197212e-01,7.743341563914086123e+00,-3.749193930842753542e-01,5.286645776383497308e-01,7.724813669894211365e+00,1.060453147147981216e-02,4.330315384707381643e-01,7.721901313935410016e+00,3.898099767706579843e-01,3.084333368222690330e-01,7.735982420609158083e+00,7.664820363193698416e-01,1.495441287781499873e-01,7.767441668303791680e+00,1.144913658172647342e+00,-4.895015001688920314e-02,7.815453347512413274e+00,1.530081793381280475e+00,-2.923034968673750011e-01
5.164342887218296152e-01,3.034477378846283990e+00,6.933200111779546163e-03,6.504199125645773738e-02,-5.995846840731469674e-03,6.375356545531438157e-02,5.243160497916509177e-01,3.033514102944362634e+00,1.422266696521924147e-02,9.234022658586124588e-02,-1.497948050939609983e-02,8.199782124378651726e-02,5.349561175042735206e-01,3.031862965430359047e+00,2.334911231745712135e-02,1.197618262707361297e-01,-2.209108071162399836e-02,1.005004617446902671e-01,5.483791873181224075e-01,3.029777293221818990e+00,3.429147503004707775e-02,1.473462517603434663e-01,-2.741191708957647216e-02,1.183214554743723251e-01,5.646116437176432745e-01,3.027518144045829640e+00,4.691927633191910613e-02,1.751655588011939435e-01,-3.099945920456039644e-02,1.342150796760834541e-01,5.836819861889039895e-01,3.025354686631749779e+00,6.096331869381380747e-02,2.033247827319924483e-01,-3.287386677087429654e-02,1.466550615401179536e-01,6.056211211514459514e-01,3.023563918228795000e+00,7.598851101030150434e-02,2.319586380567938144e-01,-3.300051390668215512e-02,1.538514288053466350e-01,6.304625127536358509e-01,3.022429589232451086e+00,9.136808816280060641e-02,2.612237184805674683e-01,-3.126829422196601010e-02,1.537607933317514386e-01,6.582422238773955048e-01,3.022240191591029745e+00,1.062579837266524885e-01,2.912846949217148262e-01,-2.746194413929256561e-02,1.440781721896052803e-01,6.889988890441063329e-01,3.023285866804277244e+00,1.195695038803172433e-01,3.222922022396996211e-01,-2.122648811787987075e-02,1.222098815802279137e-01,7.128528215767881093e+00,-2.708739594009129448e+00,4.476491533087337271e-01,7.214749847958207951e+00,-1.988685355578553970e+00,4.835585781943668726e-01,7.315618559243849184e+00,-1.280543144400987376e+00,4.924510035731723412e-01,7.435697800254337686e+00,-5.818651708915816290e-01,4.661968236940147725e-01,7.579334079264407720e+00,1.096093274151353630e-01,3.969339948479224667e-01,7.750131690102893600e+00,7.963462027401154719e-01,2.769328666909444125e-01,7.950369222802456726e+00,1.481341793032274534e+00,9.861086673999777674e-02,8.180270881692434770e+00,2.168553559963598332e+00,-1.456341802562808319e-01,8.437157218916867762e+00,2.863369941621926262e+00,-4.634180554288524490e-01
5.293160495313355973e-01,3.042174356544339542e+00,1.422266661367051904e-02,9.234022749057349544e-02,-1.497948051959216952e-02,8.199782031019828277e-02,5.398485748321920630e-01,3.040348700564878381e+00,2.303778415312475458e-02,1.175424345659368125e-01,-2.549946067798534305e-02,9.431510015283318948e-02,5.529652734948177217e-01,3.037760481051468897e+00,3.320686141983204831e-02,1.431835314380591473e-01,-3.367756598752057878e-02,1.090746037144677827e-01,5.687243292468632250e-01,3.034714532263214970e+00,4.489896340433648797e-02,1.693344666416588540e-01,-3.957025120647599675e-02,1.247719293897194964e-01,5.871865306323614808e-01,3.031525799695369727e+00,5.811514374676748917e-02,1.960992993407911500e-01,-4.321632455518530092e-02,1.395540397364411767e-01,6.084157124482113543e-01,3.028520013121496657e+00,7.265531051551298025e-02,2.236220247548402484e-01,-4.461808460739313115e-02,1.512537341992736817e-01,6.324791472656399183e-01,3.026033442680657881e+00,8.808814251895905056e-02,2.520855151572978237e-01,-4.371762547377646552e-02,1.574153542062653177e-01,6.594477893879756580e-01,3.024411561814125182e+00,1.037229075415413426e-01,2.817007297459787618e-01,-4.036707711791929359e-02,1.553059540986692078e-01,6.893963396663350673e-01,3.024006423735769555e+00,1.185812315139004175e-01,3.126849790711119792e-01,-3.428999229662042098e-02,1.419016228221519627e-01,7.224031288198048406e-01,3.025172539615932799e+00,1.313656586751097699e-01,3.452252329835032718e-01,-2.503034350908861852e-02,1.138349675190163668e-01,6.644797698240609840e+00,-3.223623474290291391e+00,2.717703596226733742e-01,6.822866144481254835e+00,-2.328071991979377753e+00,3.657142613022322242e-01,7.022239914105698588e+00,-1.440382035735235045e+00,4.189218674634025419e-01,7.247516045042420529e+00,-5.585687529181825317e-01,4.219366487904989693e-01,7.503583484605587550e+00,3.189815988053133489e-01,3.657762159981424732e-01,7.794733458151428707e+00,1.193981672154821982e+00,2.417928094125438299e-01,8.123492463026964927e+00,2.068745643026382197e+00,4.154073358496495477e-02,8.489466421511410843e+00,2.946878229815372841e+00,-2.434123090915845666e-01,8.887843556394788180e+00,3.833947348887711382e+00,-6.217683885818369172e-01
5.448485748224880520e-01,3.049008954802525651e+00,2.303778325515240533e-02,1.175424352658482469e-01,-2.549946010474609531e-02,9.431510039123496003e-02,5.578752048502284566e-01,3.046278614896737125e+00,3.286940387486068926e-02,1.413052980675341963e-01,-3.641719019845288813e-02,1.023688629455372784e-01,5.733731498919328873e-01,3.042813697280562835e+00,4.371129786225153024e-02,1.657217947594426810e-01,-4.475171510561350152e-02,1.145078325709526224e-01,5.914205399924459261e-01,3.038945635172254800e+00,5.587137687201861047e-02,1.908829106050037860e-01,-5.054657389479606105e-02,1.287205067661702784e-01,6.120986070411531532e-01,3.035018219115942273e+00,6.943877957432795234e-02,2.169123567657656737e-01,-5.382809158606145089e-02,1.426455313180622353e-01,6.354920935363550516e-01,3.031388204220291094e+00,8.425099413576804530e-02,2.439789587415172323e-01,-5.458293835519066606e-02,1.536138474757121064e-01,6.616897128587837518e-01,3.028424819890525477e+00,9.986465833580299156e-02,2.722968280333712410e-01,-5.273018931443995000e-02,1.586789688908879781e-01,6.907844866857204558e-01,3.026507983740833740e+00,1.155284417921438461e-01,3.021120237686762966e-01,-4.808590261342585159e-02,1.546268093736217764e-01,7.228738659759345042e-01,3.026024990703967799e+00,1.301552267902695292e-01,3.336735268931499410e-01,-4.031657978217324106e-02,1.379498552058114891e-01,7.580595939503821379e-01,3.027365397310537887e+00,1.422894443903746087e-01,3.671846716503023855e-01,-2.887691866349361564e-02,1.047734820948686002e-01,6.339138868603814814e+00,-3.345622492207854126e+00,1.465739186229855218e-01,6.577793008197001079e+00,-2.360600021305741425e+00,2.823249620427098483e-01,6.842436886393366002e+00,-1.379338330159287862e+00,3.651823752039509707e-01,7.137311719642869257e+00,-4.003845568305300362e-01,3.853406541107105010e-01,7.467447735798124597e+00,5.772336217253299928e-01,3.336929402948495271e-01,7.837317089112278978e+00,1.554562893066139040e+00,2.016153411409995211e-01,8.249343035025729520e+00,2.533387965335546443e+00,-1.926099714935414556e-02,8.702211783115217258e+00,3.517046118540763100e+00,-3.374015460406983302e-01,9.189073288333563738e+00,4.511205847919846690e+00,-7.616817883636807229e-01
5.628752050562809695e-01,3.054938869601239837e+00,3.286940258575459656e-02,1.413052987076877098e-01,-3.641718920220181344e-02,1.023688636843532729e-01,5.782952519194535235e-01,3.051354916663568506e+00,4.334975450950170894e-02,1.640824333526300083e-01,-4.700972293446980393e-02,1.073222526061555493e-01,5.961131063527443930e-01,3.047127383615641616e+00,5.459007423916712592e-02,1.876570250927072914e-01,-5.493834668181270947e-02,1.175463175917712128e-01,6.164173245790229849e-01,3.042597057160652874e+00,6.699543097110507994e-02,2.121281765860828228e-01,-6.023977139556033200e-02,1.306039490411827209e-01,6.392996666218827562e-01,3.038118981382380568e+00,8.071095551946584623e-02,2.376287058294271060e-01,-6.293084761909399638e-02,1.437357293029349892e-01,6.648554936039666741e-01,3.034062769021687700e+00,9.559190640056622335e-02,2.643404866186046531e-01,-6.298369546285841059e-02,1.539059563851318813e-01,6.931842950505333611e-01,3.030811707203904248e+00,1.111776083481063604e-01,2.924949028462516809e-01,-6.029495460356010944e-02,1.578326761774704046e-01,7.243901319583201381e-01,3.028760451320498870e+00,1.266671553396992722e-01,3.223570367442331053e-01,-5.464659645022403728e-02,1.519911158100386850e-01,7.585818608222292259e-01,3.028311048543279149e+00,1.408936594007024201e-01,3.541912320938227499e-01,-4.565431088342192245e-02,1.325788493088987940e-01,7.958730534459138584e-01,3.029866942604217517e+00,1.522921776580413722e-01,3.882035101423455536e-01,-3.269827003909115543e-02,9.542120370880703695e-02,6.153698803779871440e+00,-3.223529928651569954e+00,5.494405908513604053e-02,6.430428991273895001e+00,-2.207731963389317542e+00,2.194297543139747952e-01,6.735793317431174820e+00,-1.191636397420988924e+00,3.208736137772593144e-01,7.073654413611458303e+00,-1.745290407699925661e-01,3.498719378831723903e-01,7.448896598299401539e+00,8.438766594001391175e-01,2.978763425333839088e-01,7.865879821130183913e+00,1.864046765390257487e+00,1.568738330711397233e-01,8.326676004356926342e+00,2.887382307175376805e+00,-8.095426792248491821e-02,8.829080839151941973e+00,3.917085601371583348e+00,-4.235507363220839538e-01,9.364499295403716062e+00,4.958801290959859109e+00,-8.794638185733650859e-01
5.832952522680416862e-01,3.060015171696525815e+00,4.334975295753550756e-02,1.640824339655312658e-01,-4.700972165897557981e-02,1.073222535727336585e-01,6.010447990056867473e-01,3.055676381456719160e+00,5.419261614578554931e-02,1.861985908302371262e-01,-5.701937403940238180e-02,1.096467707808267689e-01,6.211443372811866759e-01,3.050806355346295629e+00,6.558622534209790356e-02,2.091919490605935461e-01,-6.432124154208158917e-02,1.183063969878432320e-01,6.436849469053046446e-01,3.045750250924819102e+00,7.802183123644385043e-02,2.331622137210683787e-01,-6.894859787647822369e-02,1.304608534453247926e-01,6.687607884067897634e-01,3.040869282358289905e+00,9.169227015240741241e-02,2.582454171436618928e-01,-7.091018588712261206e-02,1.429839495320638643e-01,6.964695369848850071e-01,3.036540651725576190e+00,1.064656188452655083e-01,2.846313132864835005e-01,-7.016330091473570174e-02,1.525087197007631568e-01,7.269130201649476319e-01,3.033156186471043014e+00,1.218627054077823235e-01,3.125632974392950625e-01,-6.658076939539657457e-02,1.554577076105314870e-01,7.601977845869808403e-01,3.031119461473462895e+00,1.370361604318593718e-01,3.423193526917023832e-01,-5.990910264186130596e-02,1.480413830310282897e-01,7.964354342123783903e-01,3.030841145973022677e+00,1.507471133610210345e-01,3.741724251028873960e-01,-4.971268076728575791e-02,1.262100312806883062e-01,8.357512602260757095e-01,3.032676391392012949e+00,1.613619480319802846e-01,4.083156624168002291e-01,-3.643729746932290736e-02,8.611816188111982850e-02,6.051095352200870359e+00,-3.022616473332137677e+00,-2.621255384848593384e-02,6.346617413910863981e+00,-1.989747774148419523e+00,1.640352827316034490e-01,6.672329493649034937e+00,-9.524521684794101661e-01,2.816678759584558267e-01,7.031755908479399686e+00,8.925129831629730059e-02,3.179483758944475214e-01,7.429661647304261152e+00,1.134970505393933848e+00,2.650284361594021920e-01,7.870278476593669303e+00,2.184637731937555394e+00,1.156660140458775909e-01,8.355227897692893535e+00,3.239231329779568735e+00,-1.372084948801566562e-01,8.881434064699494257e+00,4.301768113898113199e+00,-5.009344179530254015e-01,9.438709519981978602e+00,4.999999635795389530e+00,-9.815531583179503139e-01
6.060447994533196825e-01,3.064336636740172981e+00,5.419261435821824680e-02,1.861985914509316220e-01,-5.701937253437212860e-02,1.096467719354734943e-01,6.260803315573849614e-01,3.059369086705991947e+00,6.517404897561673849e-02,2.078185720861604191e-01,-6.610668198247031391e-02,1.101132514571425275e-01,6.484276767777682471e-01,3.054007960971480973e+00,7.655353324590559450e-02,2.303684278082727688e-01,-7.254623831347795093e-02,1.175703089716716582e-01,6.731771520059398606e-01,3.048591645802469330e+00,8.887351691535604059e-02,2.539407032174797463e-01,-7.637048203553518932e-02,1.288924767690168560e-01,7.004217687680909243e-01,3.043475814004471314e+00,1.023518469286496396e-01,2.786674708091377295e-01,-7.758162813790001056e-02,1.407145444713083227e-01,7.302577404976575703e-01,3.039032915276633329e+00,1.168600130426731415e-01,3.047377081331334447e-01,-7.612372198305308868e-02,1.494762274245246547e-01,7.627852333907769733e-01,3.035650333332964745e+00,1.319050054976457498e-01,3.323957198952276482e-01,-7.184883561668153895e-02,1.514478524749756361e-01,7.981090549075265939e-01,3.033726997207517151e+00,1.466120963601597604e-01,3.619198493436518449e-01,-6.447394946092323276e-02,1.427208885755168466e-01,8.363391171860464768e-01,3.033668190558056477e+00,1.597044704064123077e-01,3.935798226469602312e-01,-5.352375111587614337e-02,1.191516706313816842e-01,8.776049533721863583e-01,3.035790325649656118e+00,1.695180082692010759e-01,4.275541747216645705e-01,-4.004881588539006831e-02,7.714802808980299187e-02,5.987182469700968568e+00,-2.710754473530961661e+00,-8.664128551023085600e-02,6.292490727596041111e+00,-1.697640496090654150e+00,1.181820479770028381e-01,6.627956148014012783e+00,-6.767075222212566299e-01,2.436736014978777287e-01,6.996782405438294994e+00,3.512460722760475940e-01,2.820775824848887336e-01,7.403495510021047110e+00,1.385257034797388487e+00,2.265861524213264588e-01,7.851980536882861905e+00,2.424816564623711201e+00,7.094908834852976798e-02,8.343343444626389882e+00,3.470686855715292118e+00,-1.910121472297552636e-01,8.873763738164463177e+00,4.525793682198462342e+00,-5.657994375620986061e-01,9.432195000208546176e+00,4.999922074498532432e+00,-1.057623056750351287e+00
6.310803320283191464e-01,3.068029342136204818e+00,6.517404704858446862e-02,2.078185726928330479e-01,-6.610668036026490224e-02,1.101132527460699784e-01,6.533656692065979987e-01,3.062579495671402086e+00,7.613168009269666303e-02,2.290323019153598927e-01,-7.413360519552432415e-02,1.091841207545055370e-01,6.779272872078486722e-01,3.056880364341637790e+00,8.736601461138868152e-02,2.512096853111741024e-01,-7.963480169979790524e-02,1.156050966699481986e-01,7.048530039907915379e-01,3.051256528517186428e+00,9.944641120736492923e-02,2.744317012225947483e-01,-8.264331301241410743e-02,1.260712635004218318e-01,7.342328074629345114e-01,3.046050570369668087e+00,1.126022157541125140e-01,2.988218258040567510e-01,-8.315612325337798372e-02,1.370881814035340429e-01,7.661594432303669988e-01,3.041622121186966066e+00,1.267058572774395764e-01,3.245617461405737592e-01,-8.110613152801092463e-02,1.450131709351449583e-01,8.007292657173051831e-01,3.038345586801362241e+00,1.412590616656906051e-01,3.518884533322691466e-01,-7.632838902673297343e-02,1.460743709097733767e-01,8.380430502239891721e-01,3.036606344070355679e+00,1.553793711366478203e-01,3.810716967818951195e-01,-6.851740606425785196e-02,1.363554941012717625e-01,8.782066069543259523e-01,3.036795171603615895e+00,1.677827618962667577e-01,4.123707830782850636e-01,-5.717025676613901597e-02,1.117303177704947192e-01,9.213477785213248783e-01,3.039203338811427013e+00,1.768054251175723846e-01,4.459507008989301302e-01,-4.350002264767168642e-02,6.874387662318388881e-02,5.940878490617814478e+00,-2.356535922748826284e+00,-1.357924002070433345e-01,6.250024557244436174e+00,-1.385537456265876211e+00,7.567200666013476629e-02,6.588229416954614059e+00,-4.041495985538130498e-01,2.036550145444468440e-01,6.958395461520705538e+00,5.861424257600413856e-01,2.415556437725666361e-01,7.364644729091945230e+00,1.583907075979721357e+00,1.837056830817528630e-01,7.810434011693572209e+00,2.588379679235274011e+00,2.489719251642389872e-02,8.296378823556565862e+00,3.600195003410611161e+00,-2.400658507745098147e-01,8.818240041672007479e+00,4.622280965749654413e+00,-6.168379180607447276e-01,9.364592167421331936e+00,4.999865182244016104e+00,-1.108575206217720543e+00
6.583656696530423291e-01,3.071239751171938703e+00,7.613167807575346724e-02,2.290323024962395426e-01,-7.413360352591187585e-02,1.091841221783365762e-01,6.828658815533078519e-01,3.065456132960836300e+00,8.693676910296492533e-02,2.498788074780313728e-01,-8.111407108604533345e-02,1.070717447014787882e-01,7.096054766715583773e-01,3.059560103477160897e+00,9.791051476605978909e-02,2.717091731666341214e-01,-8.571350543183862969e-02,1.125116127537035271e-01,7.386689292103403304e-01,3.053859194180865710e+00,1.096373223934878488e-01,2.945905094565519633e-01,-8.796667398328736343e-02,1.220965203094132728e-01,7.701422970075312291e-01,3.048679301202493086e+00,1.223537177294480860e-01,3.186348597772568070e-01,-8.786679080997612801e-02,1.322765547218485438e-01,8.041139033625608334e-01,3.044363334522331321e+00,1.359358920375056956e-01,3.440127218222008287e-01,-8.533792550807216271e-02,1.393957288827396834e-01,8.406752760439534233e-01,3.041268576546227287e+00,1.498899160231760008e-01,3.709488006952555428e-01,-8.020216316515346722e-02,1.397066810952701799e-01,8.799220754147831780e-01,3.039762562027158221e+00,1.633416776897840539e-01,3.996994143839789904e-01,-7.213805445723796284e-02,1.293482046239957661e-01,9.219548638968264598e-01,3.040217265765594590e+00,1.750223033935954242e-01,4.305100445654206909e-01,-6.062550934483956766e-02,1.042747442945307357e-01,9.668961590112826743e-01,3.042908657900738056e+00,1.832902092289963314e-01,4.635345433110895086e-01,-4.677020520408749216e-02,6.109198713089770277e-02,5.898244921665479090e+00,-2.012298646554933956e+00,-1.813348376301703591e-01,6.207229381459332451e+00,-1.092437350828175724e+00,3.274449457619113546e-02,6.543551454781008303e+00,-1.602660941172223963e-01,1.610876754565197522e-01,6.909847295662783218e+00,7.821652080316215949e-01,1.982139282429978555e-01,7.309810713482842282e+00,1.733089897586502781e+00,1.395250581364805287e-01,7.746412843728464281e+00,2.691562912322395196e+00,-1.915794663519936394e-02,8.219906526104228561e+00,3.658166228485902671e+00,-2.821209036101742784e-01,8.725865927928502686e+00,4.635795959636173968e+00,-6.541790054504941221e-01,9.252977632069617542e+00,4.999998921015769149e+00,-1.137871458327886831e+00
6.878658819569132277e-01,3.074116388480883533e+00,8.693676699677323205e-02,2.498788080365759168e-01,-8.111406940149577804e-02,1.070717462992052393e-01,7.145437500516343965e-01,3.068137046672930079e+00,9.747604671507396901e-02,2.703610911904715253e-01,-8.714467043129704715e-02,1.038746060680461880e-01,7.434203906081807700e-01,3.062166806107987860e+00,1.080827033713896018e-01,2.918386075688449433e-01,-9.093655768398210826e-02,1.083710323606775633e-01,7.745767220264734298e-01,3.056495387347339943e+00,1.193525965029148955e-01,3.143636188098080653e-01,-9.252824787489542790e-02,1.171010150538890071e-01,8.080946358043397115e-01,3.051431070545489899e+00,1.315304361837681679e-01,3.380348912060088806e-01,-9.190968165358667785e-02,1.265016628477198535e-01,8.440577708369579879e-01,3.047299015208154493e+00,1.445012079508170844e-01,3.630096278431009793e-01,-8.899915128154431421e-02,1.329417849242930383e-01,8.825525660650911375e-01,3.044438240243173333e+00,1.577838660350268374e-01,3.894981099767486077e-01,-8.361011265498627387e-02,1.327306406351954904e-01,9.236693079698989894e-01,3.043197284833742966e+00,1.705242791053776241e-01,4.177415599350582931e-01,-7.541113721908929146e-02,1.220920707917058368e-01,9.675030369873693914e-01,3.043928292171623973e+00,1.814832448969581902e-01,4.479710540213859837e-01,-6.387300512482969872e-02,9.708924141019657783e-02,1.014169105978146135e+00,3.046898722884536337e+00,1.890547560933243665e-01,4.803320704852143685e-01,-4.985016061024431094e-02,5.433425286724213876e-02,5.849719755607872607e+00,-1.706873853098507254e+00,-2.267592706178336581e-01,6.156141715723183694e+00,-8.386346209288909614e-01,-1.137198614428272005e-02,6.487918637420102996e+00,4.313108374794534516e-02,1.172457966857360506e-01,6.847364763061690951e+00,9.365958861990129058e-01,1.546106130550670144e-01,7.237829897377925370e+00,1.839189031991911527e+00,9.709828735600169181e-02,7.661890578145721165e+00,2.749820419345827549e+00,-5.857531776678712859e-02,8.119570287141630871e+00,3.669098641834783070e+00,-3.158348434533861937e-01,8.606415801420629563e+00,4.600008902201391692e+00,-6.787344472178250543e-01,9.111548712857427290e+00,4.999827870559922616e+00,-1.149606589993685146e+00
7.195437504117807581e-01,3.076797302181573990e+00,9.747604448792569765e-02,2.703610916185559820e-01,-8.714466853542403302e-02,1.038746078387488697e-01,7.483577183889239537e-01,3.070743050287313203e+00,1.076447618894820768e-01,2.904576227596447624e-01,-9.235613532869894893e-02,9.966538958920627411e-02,7.793249066281461301e-01,3.064800412142654196e+00,1.177869806309082418e-01,3.115562143274340223e-01,-9.545576884488964076e-02,1.032940892425548707e-01,8.125229189693531362e-01,3.059242135930591466e+00,1.285112916937393157e-01,3.336938242029756641e-01,-9.648606629027088599e-02,1.112672460380228490e-01,8.480297351795674787e-01,3.054359618409639321e+00,1.400738631257263389e-01,3.569552689646957599e-01,-9.543794597241804512e-02,1.200295631135217672e-01,8.859245800805880533e-01,3.050460906219933044e+00,1.523735472176311889e-01,3.814835502202833517e-01,-9.222601248274500674e-02,1.259900638701108855e-01,9.262890667667911249e-01,3.047867507580783730e+00,1.649485655768513082e-01,4.074740276976332454e-01,-8.665786914921205786e-02,1.255255225061821522e-01,9.692083491841450016e-01,3.046909885088745273e+00,1.769719615422425951e-01,4.351526872739270857e-01,-7.839649699765116608e-02,1.149502926988322099e-01,1.014772159377245631e+00,3.047921430949240840e+00,1.872418252289027862e-01,4.647371828923864134e-01,-6.691031769674295193e-02,9.043955524179107808e-02,1.063088018266449053e+00,3.051165712726298107e+00,1.941938818539033218e-01,4.963669358561831335e-01,-5.274127429454878585e-02,4.857762557371516493e-02,5.789029596247869947e+00,-1.452662621806845022e+00,-2.728071559721698125e-01,6.091887487907295728e+00,-6.317639423879159999e-01,-5.562267713149149362e-02,6.418043537655402808e+00,2.039857984312311023e-01,7.424509655709600475e-02,6.769544961424431406e+00,1.051912714956347417e+00,1.133335677697873273e-01,7.149407579323710848e+00,1.909648141294384649e+00,5.890541630657986777e-02,7.559930018586296541e+00,2.776049270681059333e+00,-9.153608076577580965e-02,8.000955196868527963e+00,3.651544830669353203e+00,-3.407157291331696092e-01,8.468192320092740033e+00,4.538810933439127560e+00,-6.920360084828391933e-01,8.951312755875864724e+00,4.999906048931063829e+00,-1.147824628953369785e+00
7.533577187110341855e-01,3.079403305755390008e+00,1.076447594980861622e-01,2.904576233110437999e-01,-9.235613356200618462e-02,9.966539164676158080e-02,7.842609673357145983e-01,3.073374934001310788e+00,1.173464328997032846e-01,3.101337923645566264e-01,-9.688366632174741366e-02,9.453717696283804595e-02,8.172666813189666257e-01,3.067540883413299557e+00,1.269387708172987073e-01,3.308172795878638328e-01,-9.940491504571112580e-02,9.742595104133645878e-02,8.524496545832805916e-01,3.062158569033841093e+00,1.370470166552773261e-01,3.525292400860952635e-01,-9.996878829399238886e-02,1.048136727576597926e-01,8.898844433533107390e-01,3.057504200409521200e+00,1.479431695805440150e-01,3.753402532134786918e-01,-9.856851262864661789e-02,1.131528460679211284e-01,9.296463501613611013e-01,3.053870532208338595e+00,1.595440926530704850e-01,3.993793519144359649e-01,-9.511748412205912884e-02,1.188879916281454785e-01,9.718126753663931527e-01,3.051563484945429394e+00,1.714107754512806392e-01,4.248278105698187757e-01,-8.942076128443195160e-02,1.184553391051906546e-01,1.016463984512107954e+00,3.050897498275680242e+00,1.827460615097321051e-01,4.518981013223046239e-01,-8.113927658309673385e-02,1.082504063246442633e-01,1.063685266021092701e+00,3.052189470162825380e+00,1.923869973208616746e-01,4.807967355199785353e-01,-6.974261502626878662e-02,8.455059730029129694e-02,1.113576474359368129e+00,3.055702013532509476e+00,1.988114657965448784e-01,5.116596854422601481e-01,-5.545452494693216966e-02,4.389682729696744307e-02,5.713087292122072114e+00,-1.251868911636246695e+00,-3.187279272133770047e-01,6.012386705989001712e+00,-4.715179625138297692e-01,-9.835386648037093560e-02,6.332897356059918437e+00,3.246763409734210182e-01,3.437862862919181806e-02,6.676504068873712505e+00,1.133670427369307898e+00,7.682275684257083848e-02,7.046005406484441735e+00,1.953034830578939562e+00,2.699238165875369327e-02,7.443523507242451487e+00,2.781412820549202358e+00,-1.169245869596482329e-01,7.868879921482964335e+00,3.619100763960046763e+00,-3.570084450545369381e-01,8.318016573189447982e+00,4.468601284487588643e+00,-6.960544710366390886e-01,8.781208375087995677e+00,4.999923106955098007e+00,-1.136434203923346820e+00
7.892609676274937591e-01,3.082035189412514420e+00,1.173464303001685305e-01,3.101337930448914704e-01,-9.688366454996490129e-02,9.453717932059702012e-02,8.222013131357343019e-01,3.076113196839554309e+00,1.264966183483438866e-01,3.293490185199701714e-01,-1.008508376843283011e-01,8.863773990552446802e-02,8.571884041979911384e-01,3.070449338594325450e+00,1.354715270080901479e-01,3.495766512651454772e-01,-1.028953885039383676e-01,9.097667147681115507e-02,8.942948477563223975e-01,3.065287823592196759e+00,1.449170153874212996e-01,3.708223399750983362e-01,-1.030748500229209802e-01,9.800595138426580755e-02,9.335924147590819455e-01,3.060891894951950576e+00,1.551241352942565044e-01,3.931427910745873278e-01,-1.013865997217380244e-01,1.061764821947240311e-01,9.751531343842253508e-01,3.057541356028229185e+00,1.660299393067203866e-01,4.166538921717569122e-01,-9.774505858705108408e-02,1.119568866445314614e-01,1.019050658002035759e+00,3.055529017778881418e+00,1.772191220963357794e-01,4.415243611638576260e-01,-9.195484293569412826e-02,1.118294777146136704e-01,1.065361647940667122e+00,3.055155941430428346e+00,1.879238063152230409e-01,4.679554349713072603e-01,-8.367702622845074600e-02,1.022552153743057496e-01,1.114167049464047654e+00,3.056725344575904835e+00,1.970177603586217296e-01,4.961450577487432345e-01,-7.238453488202263586e-02,7.959523165948796664e-02,1.165560026032610219e+00,3.060500635814501269e+00,2.030174374230286627e-01,5.262283169608722444e-01,-5.800906408226882277e-02,4.033851191958458260e-02,5.620855839911947704e+00,-1.100649011878812145e+00,-3.626755703752971294e-01,5.917209073237197359e+00,-3.531342215652176764e-01,-1.374814752198827983e-01,6.232860744231262018e+00,4.110049362876129764e-01,-4.036566647638470092e-04,6.569542677162940159e+00,1.188511627394482462e+00,4.662778065185676363e-02,6.929899024135223407e+00,1.976800096234879289e+00,2.317920354015721909e-03,7.315983285649612533e+00,2.774358880394816040e+00,-1.345254241236963910e-01,7.727716546452975344e+00,3.581295745925855645e+00,-3.654278443209812433e-01,8.161296122895363325e+00,4.399846050011132270e+00,-6.926899997894081507e-01,8.607661862491143623e+00,4.999830679235917508e+00,-1.118758506746630133e+00
8.272013134005933299e-01,3.084773452183602771e+00,1.264966155107806189e-01,3.293490192933163918e-01,-1.008508358435271507e-01,8.863774255903859867e-02,8.621215737258310918e-01,3.079019396030781230e+00,1.350279840231206341e-01,3.480618953722190434e-01,-1.043605975652810991e-01,8.216138948595619329e-02,8.990284731170921084e-01,3.073570433377722289e+00,1.433394938055048418e-01,3.677933545758867995e-01,-1.060128465975210404e-01,8.418343931620848875e-02,9.379931059955434192e-01,3.068659796302366960e+00,1.521009085364114222e-01,3.885336928728324035e-01,-1.058755458088734697e-01,9.111435182156414625e-02,9.790851227073938956e-01,3.064540120725973260e+00,1.616243672010600207e-01,4.103263723407052366e-01,-1.039518534780169146e-01,9.938991302004253348e-02,1.022373962148905191e+00,3.061480759514739525e+00,1.718676350649645523e-01,4.332756388156568939e-01,-1.001587820168392123e-01,1.054861993158605765e-01,1.067930338814290891e+00,3.059764063219240438e+00,1.824379032743249363e-01,4.575396270460392878e-01,-9.430182786851369625e-02,1.059136728976104308e-01,1.115827743250497495e+00,3.059680515774965581e+00,1.925934779553398202e-01,4.833108413317860341e-01,-8.604318441317158894e-02,9.717896885639440430e-02,1.166143828729891974e+00,3.061522605319137558e+00,2.012397445191883572e-01,5.107815475075832001e-01,-7.485948905664664699e-02,7.570652072050461368e-02,1.218966004891324895e+00,3.065555581913123717e+00,2.069254180399998366e-01,5.400881856397782288e-01,-6.043109629508638253e-02,3.793017480285894999e-02,5.512827650186961748e+00,-9.915781382805074484e-01,-4.029089399044537556e-01,5.807350866128905054e+00,-2.695629119151043973e-01,-1.713650020580212707e-01,6.119379664545006925e+00,4.697774834091981710e-01,-2.872464462188427728e-02,6.450570928136029281e+00,1.222998170722016109e+00,2.374523966431741143e-02,6.803562651689017748e+00,1.987309028916473874e+00,-1.465459830206852082e-02,7.180374854604379742e+00,2.761041856371124759e+00,-1.445498842681374740e-01,7.581091786334344107e+00,3.544093109957728416e+00,-3.669882767289951442e-01,8.002226252305840504e+00,4.338440616397491567e+00,-6.838222632095057874e-01,8.435320052562582660e+00,4.999986133944002376e+00,-1.097610449860133786e+00
8.671215739640082409e-01,3.087679651299222616e+00,1.350279809390755592e-01,3.480618962444603226e-01,-1.043605956385160460e-01,8.216139242276539190e-02,9.039602358963473305e-01,3.082138379056659439e+00,1.428945992667098597e-01,3.662339217064641828e-01,-1.074951791742911056e-01,7.534180353761230076e-02,9.427218131999129946e-01,3.076934752534680850e+00,1.505214316721989742e-01,3.854319666759580820e-01,-1.088229677199882145e-01,7.730635852901526772e-02,9.834765217857658337e-01,3.072293232121957374e+00,1.586040520540956122e-01,4.056314436255274436e-01,-1.084239066298688242e-01,8.441069676941830024e-02,1.026292529929593078e+00,3.068458177014354415e+00,1.674761517256931065e-01,4.268636718797033658e-01,-1.063081817007223151e-01,9.306002403423584146e-02,1.071237335246848277e+00,3.065690950408221926e+00,1.771150905535356923e-01,4.492226672693155898e-01,-1.023962800174019055e-01,9.972171426227015301e-02,1.118379391149793678e+00,3.064266035023246904e+00,1.871477014084410584e-01,4.728584486111304663e-01,-9.649513533926144804e-02,1.009158539107987695e-01,1.167789724845867960e+00,3.064466052368238547e+00,1.968537820681306449e-01,4.979572864888754946e-01,-8.826812636673102286e-02,9.317654462654371972e-02,1.219543436691888472e+00,3.066575581379045179e+00,2.051636713993169603e-01,5.247088000546134001e-01,-7.719492923626074254e-02,7.297027447101350761e-02,1.273723344958653136e+00,3.070862159683570347e+00,2.106508723884268630e-01,5.532526265180628400e-01,-6.275272169414629342e-02,3.668147579110221657e-02,5.390623497801064090e+00,-9.164856711578172055e-01,-4.378463305628693125e-01,5.684620885715646388e+00,-2.133540203389711065e-01,-1.987886688127170343e-01,5.994485948044112611e+00,5.077154378524371126e-01,-4.979088404409379165e-02,6.321899532527206489e+00,1.243089661919453803e+00,8.480693639194618327e-03,6.669492763495711962e+00,1.989795265921017853e+00,-2.410683908766558109e-02,7.039445069538629696e+00,2.745967298949111957e+00,-1.476978272285492111e-01,7.431951087785642507e+00,3.511292974648968279e+00,-3.628776145475606230e-01,7.843950314081427067e+00,4.287466432785658199e+00,-6.711576399935673676e-01,8.267400785468261404e+00,4.999940895487196890e+00,-1.075084174397919812e+00
9.089602361044760714e-01,3.090798634244138920e+00,1.428945959517161080e-01,3.662339226708120621e-01,-1.074951771566336756e-01,7.534180672562697245e-02,9.476522956846157308e-01,3.085500808489917368e+00,1.500747098679995617e-01,3.838315582125131353e-01,-1.103189412179481216e-01,6.842884243931615651e-02,9.882007736323947800e-01,3.080561307588788100e+00,1.570208214452950279e-01,4.024636995448100385e-01,-1.113764411998706128e-01,7.060032058746162908e-02,1.030675549220074538e+00,3.076197915767344249e+00,1.644550770478812873e-01,4.220914993956372818e-01,-1.107607372172529497e-01,7.814320122689495662e-02,1.075143852669444788e+00,3.072648930158930369e+00,1.727320183960102951e-01,4.427353812586126702e-01,-1.084897630853281780e-01,8.741672855110131646e-02,1.121671812700480997e+00,3.070170056238479273e+00,1.818462868640324248e-01,4.644810724623112952e-01,-1.044877867240475572e-01,9.486278024491234806e-02,1.170326222413235806e+00,3.069030347703955108e+00,1.914403963433762568e-01,4.874726279836431031e-01,-9.856302660982502184e-02,9.699493241107552677e-02,1.221176276597107702e+00,3.069507093859840108e+00,2.008099598000514519e-01,5.118928424867552618e-01,-9.037933286175518777e-02,9.035658231131331319e-02,1.274295183147412969e+00,3.071879559426710316e+00,2.089028532577925368e-01,5.379311893083554841e-01,-7.941796470240587713e-02,7.143958619652444886e-02,1.329762420399196898e+00,3.076417252115515311e+00,2.143095851772832960e-01,5.657328703983698359e-01,-6.501073298045238757e-02,3.658939097913655597e-02,5.256519609901292966e+00,-8.676320391342274840e-01,-4.665457464144292521e-01,5.551314192872983000e+00,-1.776436499836466787e-01,-2.191476465422227127e-01,5.860486810384326617e+00,5.308238473924532519e-01,-6.335675073101942889e-02,6.185830742046610098e+00,1.253949541434655979e+00,7.144337262366810305e-04,6.530071155936457927e+00,1.988564381018637528e+00,-2.655242599700672820e-02,6.895532443897388397e+00,2.732615192527640957e+00,-1.448209763411395790e-01,7.282626677366445200e+00,3.485556150813533538e+00,-3.542923184734972919e-01,7.688639983522549848e+00,4.248816652424798335e+00,-6.561135653185352634e-01,8.106044012090633188e+00,4.997348591616064262e+00,-1.052826472080100384e+00
9.526522958580249112e-01,3.094161063593146022e+00,1.500747063588761532e-01,3.838315592502504758e-01,-1.103189391141726206e-01,6.842884583173576563e-02,9.931301341405451844e-01,3.089125730446898199e+00,1.565716516874855746e-01,4.008269336634514013e-01,-1.128820837273011163e-01,6.167452005734674197e-02,1.035395922935036905e+00,3.084460002181405702e+00,1.628656890050746431e-01,4.188658586170325715e-01,-1.137130982592180900e-01,6.430723221904111053e-02,1.079519634956301655e+00,3.080376929038669775e+00,1.697050906643067236e-01,4.378961549744294079e-01,-1.129187762944880158e-01,7.253175636912270741e-02,1.125567999471318581e+00,3.077110786361241690e+00,1.774634692361738986e-01,4.579286357028840571e-01,-1.105250381256845243e-01,8.264825636096365113e-02,1.173606239122881867e+00,3.074913751890103519e+00,1.861496469432424306e-01,4.790427303733524877e-01,-1.064597050414354956e-01,9.105984806489490768e-02,1.223699992657736990e+00,3.074051657928843273e+00,1.954173397172298821e-01,5.013788972728758786e-01,-1.005316939044583469e-01,9.425932408207203517e-02,1.275917167271483077e+00,3.074798728290072170e+00,2.045720652481224922e-01,5.251189504964323129e-01,-9.240411039827065021e-02,8.878500919813213377e-02,1.330329661676250108e+00,3.077431220647883769e+00,2.125717843391211614e-01,5.504548154927023651e-01,-8.155779342590746550e-02,7.113760957161070764e-02,1.387014901036039527e+00,3.082219544701781722e+00,2.180166442103395330e-01,5.775386811533186338e-01,-6.724570309684299585e-02,3.764319961755730609e-02,5.113043863654298526e+00,-8.380410128286708282e-01,-4.884789161198748730e-01,5.409853954783021557e+00,-1.563729220838731837e-01,-2.322932865779503975e-01,5.719723939487701969e+00,5.442503774993653343e-01,-6.965151817662283695e-02,6.044583032144683621e+00,1.259810565451218611e+00,-1.076664991605237012e-04,6.387370847880525560e+00,1.986962175550368581e+00,-2.278067539569084143e-02,6.750602721172552556e+00,2.723425096822074121e+00,-1.368994758135039236e-01,7.134906562282091969e+00,3.468455079085596804e+00,-3.423011074393162989e-01,7.537933566578109534e+00,4.223223620179163973e+00,-6.398407385235227451e-01,7.952502150519080715e+00,4.989130045439924999e+00,-1.031937738942315663e+00
9.981301342745055871e-01,3.097785985464472702e+00,1.565716480391677878e-01,4.008269347390640558e-01,-1.128820815567984082e-01,6.167452360343331219e-02,1.040324347803849303e+00,3.093023049246208966e+00,1.624132002375424100e-01,4.171980495481266704e-01,-1.152245172794289091e-01,5.531577490879369119e-02,1.084236798688449577e+00,3.088633907843228332e+00,1.681062853746362606e-01,4.346215467756931461e-01,-1.158656223072944552e-01,5.863985212416587128e-02,1.129937847480115609e+00,3.084828627155025149e+00,1.744240742383842413e-01,4.530331519456748390e-01,-1.149261583720281310e-01,6.775842298186889046e-02,1.177494053128519402e+00,3.081839291656853330e+00,1.817569099746673689e-01,4.724357420134996932e-01,-1.124398001039234873e-01,7.890127509938744954e-02,1.226970093920555227e+00,3.079916448134899287e+00,1.901243138123742127e-01,4.929041619519655693e-01,-1.083373534605052840e-01,8.842126010711921780e-02,1.278430844747814765e+00,3.079324657281209188e+00,1.991865334637070162e-01,5.145775134375859539e-01,-1.024273138942688871e-01,9.277813866893802608e-02,1.331943363116040446e+00,3.080337064470763497e+00,2.082531190050466163e-01,5.376391737113024316e-01,-9.437056219531739232e-02,8.849335639682708032e-02,1.387578719897142099e+00,3.083228916933276498e+00,2.162850423089448804e-01,5.622857672784465910e-01,-8.364534290459518795e-02,7.206418992884769392e-02,1.445413626356901515e+00,3.088269717833826977e+00,2.218857110870702254e-01,5.886782526489886536e-01,-6.950099320694883009e-02,3.982525979674093192e-02,4.962793338009292121e+00,-8.217731791269095032e-01,-5.036396867751576911e-01,5.262598802797333164e+00,-1.444749026697143557e-01,-2.385241327992837779e-01,5.574353073981770379e+00,5.521878399093961276e-01,-6.921237140445020419e-02,5.900178425733867194e+00,1.264013727573529922e+00,5.284549307123752142e-03,6.243192105567497485e+00,1.987458501572083591e+00,-1.367088352644676291e-02,6.606198652106340496e+00,2.720052716792318304e+00,-1.249078332330690461e-01,6.990096107748258625e+00,3.460823296100007607e+00,-3.279044759143274756e-01,7.392823071105198096e+00,4.210719868379975139e+00,-6.232462191732234258e-01,7.807573692786933250e+00,4.971649311135259985e+00,-1.013118990925067298e+00
1.045324347895774553e+00,3.101683304178238121e+00,1.624131965166509262e-01,4.171980506285980494e-01,-1.152245150700750009e-01,5.531577854340061912e-02,1.089164333766419412e+00,3.097196353545212055e+00,1.676517932755152429e-01,4.329267280189563194e-01,-1.173691940125699551e-01,4.960873240780605542e-02,1.134651965336740842e+00,3.093083274405040939e+00,1.728194730882416097e-01,4.497162319161529531e-01,-1.178474034602400716e-01,5.383062131546393486e-02,1.181858293052048259e+00,3.089552288656750800e+00,1.787095168139351820e-01,4.674917902939033088e-01,-1.167932225247038519e-01,6.400356664106120197e-02,1.230850047628013977e+00,3.086834417834886768e+00,1.857244849486182070e-01,4.862499980842742708e-01,-1.142472555007878060e-01,7.628897367556519704e-02,1.281691753194222905e+00,3.085179693573731452e+00,1.938902690371456794e-01,5.060630272107525807e-01,-1.101424108362171611e-01,8.699115442358046346e-02,1.334447960057948857e+00,3.084852503447944372e+00,2.028695087254113738e-01,5.270703908679839067e-01,-1.042859648744505069e-01,9.253889692963683522e-02,1.389185353280083968e+00,3.086125994893695434e+00,2.119717971747150931e-01,5.494587715378198567e-01,-9.633571144399595554e-02,8.943771476712068791e-02,1.445974689570830973e+00,3.089275468162701266e+00,2.201572102206240389e-01,5.734311939055586338e-01,-8.576647974649286021e-02,7.418213035919767051e-02,1.504892484793893370e+00,3.094570607674351770e+00,2.260285353138671016e-01,5.991585307822500095e-01,-7.182197077242055694e-02,4.311508974380397208e-02,4.807873094522697066e+00,-8.097277470362949092e-01,-5.109840388543802625e-01,5.111611834995123615e+00,-1.353855853794640740e-01,-2.380377500619707543e-01,5.426340641361181660e+00,5.585987473521852875e-01,-6.312317712252890622e-02,5.754399001198337693e+00,1.267860514916246739e+00,1.525022293513843968e-02,6.099173364034788491e+00,1.988672578657626921e+00,-1.086242944173698927e-03,6.463749064352628970e+00,2.718374959512960043e+00,-1.105614928312887157e-01,6.849307907158229014e+00,3.455808721407679585e+00,-3.123325594552389672e-01,7.254072806122199957e+00,4.201711704237048650e+00,-6.067288581978123041e-01,7.671466182668462253e+00,4.958901378478391742e+00,-9.957133119052163917e-01
1.094164333815002887e+00,3.105856608390592744e+00,1.676517895723536045e-01,4.329267290573353133e-01,-1.173691918104115967e-01,4.960873605364584521e-02,1.139578791790280210e+00,3.101645287456106459e+00,1.723625675635973020e-01,4.479993687078908660e-01,-1.193412030533309992e-01,4.475169864886840987e-02,1.186570002666859081e+00,3.097805209771878676e+00,1.770975685300210101e-01,4.641404152670474681e-01,-1.196859485669391626e-01,5.002522219455274310e-02,1.235209885954336784e+00,3.094543746529589523e+00,1.826658759985763936e-01,4.812663355812483723e-01,-1.185498584685472506e-01,6.136468936528299140e-02,1.285565584259552585e+00,3.092091828997769021e+00,1.894782794176469720e-01,4.993692829674700739e-01,-1.159795039913390224e-01,7.486672967240301513e-02,1.337701769878927527e+00,3.090699923379832903e+00,1.975633795697473993e-01,5.185205527758568467e-01,-1.119089686524958882e-01,8.679007615138378817e-02,1.391683005247722260e+00,3.090633168685228860e+00,2.065828293379807501e-01,5.388613743696692993e-01,-1.061434722516975404e-01,9.353523361862803309e-02,1.447575962060552390e+00,3.092165614549899910e+00,2.158431272931754519e-01,5.605832915004406170e-01,-9.833702705373573161e-02,9.159391192309031260e-02,1.505451463812019108e+00,3.095573489925595556e+00,2.243005600934527555e-01,5.838969602054741026e-01,-8.796052324807945855e-02,7.746062151570561050e-02,1.565386303626195685e+00,3.101127338489004348e+00,2.305547489625634772e-01,6.089851530330250284e-01,-7.425531390385448072e-02,4.749090667206076061e-02,4.650543714503689863e+00,-7.999055561175333340e-01,-5.118187848898239078e-01,4.958849421241031230e+00,-1.275144852630623882e-01,-2.320818709941923075e-01,5.277369188912242493e+00,5.646914515885146368e-01,-5.258479240961365375e-02,5.608717629023041162e+00,1.272195652712784897e+00,2.868554160470636327e-02,5.956580917769250583e+00,1.991104007747491300e+00,1.400654280541738760e-02,6.324233307571060614e+00,2.718585850228099510e+00,-9.466469367112965994e-02,6.713225259576541148e+00,3.453304933147490097e+00,-2.961865073419152616e-01,7.121983929075001107e+00,4.195805091762437655e+00,-5.906205576524506951e-01,7.544349289947788861e+00,4.948611204243056783e+00,-9.797136589029760145e-01
1.144578791799075734e+00,3.110305542214883978e+00,1.723625639620476047e-01,4.479993696690957594e-01,-1.193412009051912914e-01,4.475170222473798948e-02,1.191496265898079887e+00,3.106366986222285131e+00,1.766381394862230336e-01,4.624057240687654002e-01,-1.211674454518477939e-01,4.089632626572180241e-02,1.239919703049801702e+00,3.102795646955161413e+00,1.810460210726685115e-01,4.778871470363624807e-01,-1.214102641726277909e-01,4.732900229075760051e-02,1.289922005559688944e+00,3.099798860496066233e+00,1.864069674511597274e-01,4.943531924313237513e-01,-1.202272709325782618e-01,5.990408840036570703e-02,1.341570903810956450e+00,3.097608245098680158e+00,1.931364321334224088e-01,5.117931950124893214e-01,-1.176699602137735584e-01,7.465900480828105423e-02,1.394931430120652127e+00,3.096475436281184823e+00,2.012627019678534246e-01,5.302788000579718997e-01,-1.136727373678827757e-01,8.781218495846138117e-02,1.450068408396819386e+00,3.096667024356732245e+00,2.104438867460465823e-01,5.499545440158838394e-01,-1.080381070455034703e-01,9.573991639790443986e-02,1.507048784645234951e+00,3.098458637724713860e+00,2.199812221826830949e-01,5.710180481226778682e-01,-1.004158603847609688e-01,9.492379499963686518e-02,1.565943764716888342e+00,3.102128093994922953e+00,2.288254619282583946e-01,5.936889384276519133e-01,-9.027282748353948616e-02,8.186310724903184122e-02,1.626830735594621213e+00,3.107947436335492419e+00,2.355718242381955319e-01,6.181624639551739353e-01,-7.684828074522596919e-02,5.293134147021900937e-02,4.492581064960333492e+00,-7.904172106553820631e-01,-5.072169625521281144e-01,4.805897633297186999e+00,-1.194741230784455849e-01,-2.217940284237670812e-01,5.128861063077487792e+00,5.713671130400898024e-01,-3.871574141226343663e-02,5.464360060234385585e+00,1.277445125128823245e+00,4.454825003900997338e-02,5.816336265171739406e+00,1.994709536039636744e+00,3.070924689522819967e-02,6.188389752842430980e+00,2.720173900534664568e+00,-7.792854854095744577e-02,6.582362803542938678e+00,3.452348029892030823e+00,-2.799407971884766422e-01,6.996915995614934936e+00,4.191602880415024934e+00,-5.750959199938810995e-01,7.426085114277510613e+00,4.940178157351981625e+00,-9.649127195925544243e-01
1.196496265874622322e+00,3.115027240895047900e+00,1.766381360632087172e-01,4.624057249253758495e-01,-1.211674434020505731e-01,4.089632969203477186e-02,1.244845542107827940e+00,3.111357322588830687e+00,1.805840412867634470e-01,4.761383698051261382e-01,-1.228780109824875733e-01,3.814964034565859058e-02,1.294630418142960204e+00,3.108050229801494257e+00,1.847790156119265281e-01,4.909518389429487484e-01,-1.230532395875458540e-01,4.580830499022263413e-02,1.345924826506570193e+00,3.105313933124564052e+00,1.900518355123515246e-01,5.067504799136465232e-01,-1.218607495742205782e-01,5.965288861733760578e-02,1.398797183922238396e+00,3.103381355698655586e+00,1.968196266490801760e-01,5.235221603960306114e-01,-1.193559113526849319e-01,7.566770448749141065e-02,1.453313029587680383e+00,3.102505880499410118e+00,2.051079281524707254e-01,5.413404085525972409e-01,-1.154725761437774001e-01,9.003595731423315318e-02,1.509537637890388417e+00,3.102956096306721090e+00,2.145693990235334192e-01,5.603542001018152474e-01,-1.100100127587157611e-01,9.911516409970380637e-02,1.567538428408012940e+00,3.105009725403469645e+00,2.244986967078081985e-01,5.807680229256158011e-01,-1.026137412264970100e-01,9.938319937677121685e-02,1.627387188947780672e+00,3.108946669206663405e+00,2.338403201807502385e-01,6.028113691257240836e-01,-9.274682363723460443e-02,8.734961388235465418e-02,1.689162140709671078e+00,3.115040923264772221e+00,2.411850275747700056e-01,6.266933675142629667e-01,-7.964819108115309132e-02,5.941367353562308773e-02,4.335452979197201628e+00,-7.802228486291580278e-01,-4.982833935917594381e-01,4.654052918156165397e+00,-1.105327793222502103e-01,-2.082367123220890404e-01,4.981924846453797073e+00,5.790431658472250387e-01,-2.248846978975889421e-02,5.322213412627953666e+00,1.283725533587754875e+00,6.197661865621123534e-02,5.679225374303443985e+00,1.999337273520835456e+00,4.827150724334568210e-02,6.056825919785638668e+00,2.722738225562947534e+00,-6.094773652181617596e-02,6.457080294481551519e+00,3.452279391784735196e+00,-2.639531096832692381e-01,6.878901873612923268e+00,4.188191463510566592e+00,-5.602479526848648250e-01,7.316618319754369715e+00,4.932144180568061920e+00,-9.510758950872446604e-01
1.249845542062438586e+00,3.120017577176124490e+00,1.805840381084014012e-01,4.761383705395806909e-01,-1.228780090716307949e-01,3.814964354573592564e-02,1.299555945997416861e+00,3.116611920512349254e+00,1.843147786483404216e-01,4.891919358651061756e-01,-1.245060807058743640e-01,3.658437965452620427e-02,1.350632226786264711e+00,3.113565194864575059e+00,1.884166838027424851e-01,5.033311822792477797e-01,-1.246507220987114611e-01,4.550317661779461342e-02,1.403149340991431071e+00,3.111086541039817188e+00,1.937230990781459994e-01,5.184568671271656548e-01,-1.234882234372681048e-01,6.062103043317509932e-02,1.457176455015321226e+00,3.109410666384174959e+00,2.006501649631223239e-01,5.345570641729213701e-01,-1.210768141439390183e-01,7.787676940057473851e-02,1.512779720156847807e+00,3.108793126954157771e+00,2.092187750723215056e-01,5.517080238464563413e-01,-1.173491470199872766e-01,9.342593510686018898e-02,1.570024972242745731e+00,3.109504890489347417e+00,2.190749404576323167e-01,5.700639491105364831e-01,-1.121009873174735882e-01,1.036137230119132668e-01,1.628980227494378097e+00,3.111826128652410262e+00,2.295062720557864144e-01,5.898370797314853586e-01,-1.049738090024850135e-01,1.049224089773738849e-01,1.689717996259545219e+00,3.116039177023262496e+00,2.394513164489110446e-01,6.112676545060033995e-01,-9.542772940772507873e-02,9.387911330976922430e-02,1.752317464872230612e+00,3.122420397128280900e+00,2.474974754108882347e-01,6.345793487123466692e-01,-8.270170971592845366e-02,6.691759649550717282e-02,4.180264901668102162e+00,-7.685840448567486938e-01,-4.859044607884012712e-01,4.504277015805899786e+00,-1.002516332796836163e-01,-1.923083866512574347e-01,4.837374781983775129e+00,5.878865842540845765e-01,-4.781290392276297055e-03,5.183060880169766627e+00,1.290934909523290708e+00,8.015776853022311965e-02,5.545863686578461405e+00,2.004602383915407682e+00,6.601818210948619259e-02,5.929944362707272987e+00,2.725609793028444638e+00,-4.422600881616708252e-02,6.337632701017856363e+00,3.452179187030235852e+00,-2.485000282115709391e-01,6.768080940843607785e+00,4.184391391902439139e+00,-5.460690234639699048e-01,7.215804877801742734e+00,4.923742775630596036e+00,-9.378551964726540291e-01
1.304555945941588080e+00,3.125272175015612941e+00,1.843147757703579026e-01,4.891919364674350845e-01,-1.245060789694730080e-01,3.658438255767687552e-02,1.355557534324979718e+00,3.122126988183377083e+00,1.879505811853551533e-01,5.015623950390249997e-01,-1.260878558039544572e-01,3.624254732729091655e-02,1.407856049926724529e+00,3.119338018242701960e+00,1.920820645176103680e-01,5.150227405222365107e-01,-1.262412657715666353e-01,4.642802878013940759e-02,1.461527449881251162e+00,3.117115994395255996e+00,1.975440490778428704e-01,5.294717619795616947e-01,-1.251499928825096364e-01,6.279934675972118074e-02,1.516641672654584605e+00,3.115697760897937929e+00,2.047494621655371883e-01,5.448987477363412824e-01,-1.228741243056868104e-01,8.125802275982579870e-02,1.573265532676758394e+00,3.115341343651598205e+00,2.137131429725567522e-01,5.613837010010505058e-01,-1.193446461256214980e-01,9.794013912036531044e-02,1.631465495797486343e+00,3.116320344094826389e+00,2.240738965611587807e-01,5.790866499654067079e-01,-1.143538084149806899e-01,1.091873730547423121e-01,1.691310239314095742e+00,3.118917617256941721e+00,2.351124880091394198e-01,5.982281018737086731e-01,-1.075395591371947346e-01,1.114927877995110506e-01,1.752873048582775706e+00,3.123418164725115354e+00,2.457625545588035532e-01,6.190594780213279913e-01,-9.836028908577092167e-02,1.014115351071529642e-01,1.816234105903377971e+00,3.130101105906975434e+00,2.546101925129444221e-01,6.418201551023344775e-01,-8.605426873653818087e-02,7.542153938815258918e-02,4.027793512491425254e+00,-7.551488096230112301e-01,-4.709279712568079090e-01,4.357283332558285593e+00,-8.849114176191039127e-02,-1.748183292954018919e-01,4.695896387852705800e+00,5.978112365637050507e-01,1.366313080982305139e-02,5.047429114995812149e+00,1.298786493240482010e+00,9.843622690356568228e-02,5.416708370146698037e+00,2.010011849409391704e+00,8.340331556273328228e-02,5.808123421126087038e+00,2.728109071036296740e+00,-2.812862547572545641e-02,6.224256478573717999e+00,3.451158832489167771e+00,-2.338073821949024078e-01,6.664458433286003292e+00,4.179125256225650453e+00,-5.325519640259755993e-01,7.123564393963066621e+00,4.914261479926382847e+00,-9.249567113707947152e-01
1.360557534270263824e+00,3.130787242602372622e+00,1.879505786513340493e-01,5.015623955035307668e-01,-1.260878542706605487e-01,3.624254986785867966e-02,1.412781230886604344e+00,3.127899923291214801e+00,1.916144493597555787e-01,5.132469024094593602e-01,-1.276632345702117810e-01,3.713781716136578537e-02,1.466233788588025000e+00,3.125367726471373508e+00,1.958984260058659055e-01,5.260249658143321128e-01,-1.278672665713488088e-01,4.857474813545060305e-02,1.520992101378755956e+00,3.123403328400351953e+00,2.016363097247365899e-01,5.397948562095701286e-01,-1.268897763152382063e-01,6.616322917464489972e-02,1.577126860912644091e+00,3.122246006008692731e+00,2.092361174981134941e-01,5.545480387907926190e-01,-1.247919260692824939e-01,8.577568852479661166e-02,1.634705540321413686e+00,3.122156498771379685e+00,2.187057159660349137e-01,5.703688909075249613e-01,-1.215026225511344343e-01,1.035361103303853447e-01,1.693795233695399416e+00,3.123411252282846995e+00,2.296765309617496975e-01,5.874238547314938330e-01,-1.168107583042238273e-01,1.157901868447179794e-01,1.754465276040221067e+00,3.126295998545404853e+00,2.414231425389191388e-01,6.059421522813482897e-01,-1.103515780932931289e-01,1.190509154789486657e-01,1.816789717554625705e+00,3.131098605593642947e+00,2.528758265034362629e-01,6.261868882910235357e-01,-1.015832494829362609e-01,1.099101012106116076e-01,1.880849755808368107e+00,3.138101004569389119e+00,2.626220379806950000e-01,6.484135378509309211e-01,-8.974946548001414004e-02,8.490367543229850045e-02,3.878640731771253680e+00,-7.402499125842798566e-01,-4.542011358929705089e-01,4.213601268800034383e+00,-7.558357579030089424e-02,-1.564734118274303809e-01,4.557950968232077571e+00,6.085118310222433768e-01,3.225324366796315095e-02,4.915744992753447562e+00,1.306985972972643850e+00,1.163435382280220698e-01,5.292083260576559312e+00,2.015319604612304083e+00,1.000672762804253463e-01,5.691605367892589307e+00,2.730027930390753088e+00,-1.293381838965752990e-02,6.117114056768609309e+00,3.449055228800150807e+00,-2.199881302126840688e-01,6.568150416962616589e+00,4.172251209133661654e+00,-5.196869799334654649e-01,7.039798210153072944e+00,4.901410160416483919e+00,-9.122113089063653701e-01
1.417781230843551565e+00,3.136560177626241952e+00,1.916144471991406972e-01,5.132469027451781463e-01,-1.276632332623247601e-01,3.713781927548774620e-02,1.471158897072760263e+00,3.133929808273414608e+00,1.954301555828810988e-01,5.242430959083769215e-01,-1.292734142354841631e-01,3.927208060297252001e-02,1.525698255208882692e+00,3.131655564416912618e+00,1.999890330920917891e-01,5.363362594301904762e-01,-1.295708226861680412e-01,5.193141716745222625e-02,1.581477061570427445e+00,3.129952327137578205e+00,2.061212814818086658e-01,5.494252490879882878e-01,-1.287502193375301418e-01,7.068742542598345502e-02,1.638566718850059667e+00,3.129061987518808596e+00,2.142284126789978094e-01,5.635046411249514664e-01,-1.268730923104484654e-01,9.139274880769607257e-02,1.697035332268209906e+00,3.129248125088043953e+00,2.243106203581427815e-01,5.786637216350050128e-01,-1.238659988830504571e-01,1.101678436317114762e-01,1.756950590598024053e+00,3.130790118211221884e+00,2.359921460642684099e-01,5.950756468286444445e-01,-1.195148850190940609e-01,1.233717465805633934e-01,1.818382431392834508e+00,3.133976650557625643e+00,2.485425338090710978e-01,6.129785012953574697e-01,-1.134533011778764006e-01,1.275471438230648957e-01,1.881405601097526858e+00,3.139098549048851883e+00,2.608909222275876405e-01,6.326475489863984114e-01,-1.051411144240989026e-01,1.193342696602468500e-01,1.946102218180778776e+00,3.146440804114012835e+00,2.716295508469011022e-01,6.543549881624843856e-01,-9.382820087467386161e-02,9.533931463162365061e-02,3.733139081031611628e+00,-7.236300023317049357e-01,-4.361326393701309145e-01,4.073593372929442680e+00,-6.149076876164052269e-02,-1.377652670520109757e-01,4.423865782104944522e+00,6.197867081385673993e-01,5.048265342983245668e-02,4.788321264958217860e+00,1.315094243671782737e+00,1.333901702315459514e-01,5.172290854364836044e+00,2.019840666414832064e+00,1.155727200162323526e-01,5.580633454328944865e+00,2.730424131309737490e+00,1.025925308697826647e-03,6.016335764229709504e+00,3.444691207636317642e+00,-2.072471321093496410e-01,6.479193598162682477e+00,4.162365120124646545e+00,-5.074583588736097939e-01,6.964526218489902831e+00,4.885511354864473965e+00,-8.993437736966463092e-01
1.476158897050076524e+00,3.142590062524525774e+00,1.954301538167333152e-01,5.242430961196296035e-01,-1.292734131629041661e-01,3.927208224095479067e-02,1.530623341027888440e+00,3.140217805638564119e+00,1.995208401207857751e-01,5.345488196152042848e-01,-1.309618339780359852e-01,4.263096108189528416e-02,1.586183201695305023e+00,3.138205018818296832e+00,2.044749887605191718e-01,5.459547721663765563e-01,-1.313966492923034635e-01,5.647178646505637833e-02,1.642917009658816818e+00,3.136769003609438666e+00,2.111170005998534160e-01,5.583615792699266889e-01,-1.307763491936591860e-01,7.633693768809406144e-02,1.700896813038247801e+00,3.136154412598538332e+00,2.198405653996109432e-01,5.717674689500547025e-01,-1.291620524148565652e-01,9.806788311405889580e-02,1.760191277939737731e+00,3.136627756429760883e+00,2.306377938659629756e-01,5.862670210005952454e-01,-1.264779038417671864e-01,1.177910709623157387e-01,1.820868602275391490e+00,3.138471405978676909e+00,2.431262425431860996e-01,6.020403288390443475e-01,-1.225073826870956145e-01,1.318875455304540090e-01,1.882999223360188656e+00,3.141977050350811762e+00,2.565718329055387548e-01,6.193345828653188390e-01,-1.168836392672009533e-01,1.369393105886613504e-01,1.946658458409256331e+00,3.147438547529278097e+00,2.699050303242725990e-01,6.384373065798071289e-01,-1.090703415434834400e-01,1.296464311575430406e-01,2.011929211263850270e+00,3.155144017317572214e+00,2.817266294253532033e-01,6.596377602456512390e-01,-9.832787542781037948e-02,1.067001801282715240e-01,3.591495882298493925e+00,-7.057494128024719426e-01,-4.172999113231661283e-01,3.937460980194278370e+00,-4.667419281947669807e-02,-1.191742728999386491e-01,4.293900818756355875e+00,6.311970362671156520e-01,6.793989412871276334e-02,4.665407878746789194e+00,1.322707630670607148e+00,1.492204003302235182e-01,5.057556122212578664e+00,2.023195911324197738e+00,1.296514691869489200e-01,5.475403541723930623e+00,2.728969771558761970e+00,1.355980248604500733e-02,5.922122534025707097e+00,3.437747726613606947e+00,-1.956953855916837015e-01,6.397706882232359504e+00,4.149145238531253277e+00,-4.959006859936245792e-01,6.897737704708832851e+00,4.865120978193212764e+00,-8.862780811211051768e-01
1.535623341032558598e+00,3.148878059805423568e+00,1.995208387581280385e-01,5.345488197135657149e-01,-1.309618331498912380e-01,4.263096219879446147e-02,1.591108302889431281e+00,3.146767416734315148e+00,2.040078653267168030e-01,5.441618413663334985e-01,-1.327728052256696434e-01,4.719335344800307946e-02,1.647623260824986557e+00,3.145022160047302506e+00,2.094751943924625104e-01,5.548783542867369301e-01,-1.333892564054075802e-01,6.216780627572442153e-02,1.705247412834247411e+00,3.143862179666453649e+00,2.167392489940355715e-01,5.666015939390705025e-01,-1.330122514658410582e-01,8.307747293069346617e-02,1.764053357760229312e+00,3.143534982472957040e+00,2.261846938407295893e-01,5.793340215632519774e-01,-1.317019351834881336e-01,1.057621328355157625e-01,1.824110225282054687e+00,3.144310051416473684e+00,2.377952516674401440e-01,5.931758613063262686e-01,-1.293799923696579424e-01,1.263626905866337968e-01,1.885486600975501581e+00,3.146472758593067187e+00,2.511823890665469405e-01,6.083141368391757897e-01,-1.258281058643180572e-01,1.412917243836942782e-01,1.948253274466754448e+00,3.150317802499372988e+00,2.656100250228833892e-01,6.250053625595366480e-01,-1.206803979114955683e-01,1.471815313498433253e-01,2.012485959326695717e+00,3.156142100998538869e+00,2.800127410465553246e-01,6.435492472781695339e-01,-1.134067217882119977e-01,1.408044469058273018e-01,2.078268143711112348e+00,3.164236986162904497e+00,2.930040136084784419e-01,6.642523832207020140e-01,-1.032815129516488767e-01,1.189512008756588995e-01,3.453816810325121889e+00,-6.868346635120814447e-01,-3.980319657422021762e-01,3.805363558311942285e+00,-3.141565837967589397e-02,-1.010486841652168538e-01,4.168208051284106652e+00,6.423939674864692639e-01,8.428453569649535515e-02,4.547182485042743139e+00,1.329405947038624580e+00,1.635287713177045188e-01,4.948086882551401722e+00,2.024899413041557850e+00,1.420083051777254746e-01,5.376100241930700463e+00,2.725082794031268296e+00,2.440979122396528048e-02,5.834637124879392012e+00,3.427577576062765807e+00,-1.855099365433443281e-01,6.323801938445823723e+00,4.131856315525904044e+00,-4.850747977820401569e-01,6.839502043453197011e+00,4.839746460521405780e+00,-8.729498841338010351e-01
1.596108302926291689e+00,3.155427670816568497e+00,2.040078643681204895e-01,5.441618413631712503e-01,-1.327728046439896892e-01,4.719335401012431097e-02,1.652548403388802933e+00,3.153584688675457492e+00,2.090102418903499737e-01,5.530795006984510209e-01,-1.347511004317969996e-01,5.293337594621088521e-02,1.709953862926207657e+00,3.152115730359901669e+00,2.151058529563052713e-01,5.631039792022264345e-01,-1.355932114823961976e-01,6.898923568769714521e-02,1.768404425864244844e+00,3.151243412402240818e+00,2.231009837697335019e-01,5.741418731628405991e-01,-1.355015897101876365e-01,9.087437035070175528e-02,1.827973125017136935e+00,3.151218159208132974e+00,2.333700376790926734e-01,5.862003553598106320e-01,-1.345347997713463306e-01,1.144358077658720746e-01,1.888729415815465718e+00,3.152312430546520883e+00,2.458880732167112448e-01,5.993853322089026658e-01,-1.326121475389662185e-01,1.358391545541316192e-01,1.950742116289892802e+00,3.154814576008444060e+00,2.602612066527132950e-01,6.138911702615699184e-01,-1.295142376424825714e-01,1.515385907750743388e-01,2.014082176066632091e+00,3.159022276724494649e+00,2.757531155361921948e-01,6.299832253478747646e-01,-1.248777214609613634e-01,1.582270718564805223e-01,2.078825477360334073e+00,3.165235513715491944e+00,2.913053857367660648e-01,6.479737697487394366e-01,-1.181810113872310275e-01,1.527614085212887496e-01,2.145055849327555109e+00,3.173748888150747849e+00,3.055484616231558537e-01,6.681865545207320567e-01,-1.087165539452757956e-01,1.320476015654204749e-01,3.320126919362061724e+00,-6.672133217053956011e-01,-3.786179381781222264e-01,3.677379767806248534e+00,-1.606581429634930738e-02,-8.367342878189983069e-02,4.046921309594445404e+00,6.530074556548995934e-01,9.922546798925835354e-02,4.433819586658602319e+00,1.334793439467684806e+00,1.760056426865864998e-01,4.844022653632088726e+00,2.024518505355656028e+00,1.523672750931516773e-01,5.282940343108178283e+00,2.718316396125278533e+00,3.335479111281604986e-02,5.753996001824759787e+00,3.413683063345644531e+00,-1.768683206075715719e-01,6.257620313487842978e+00,4.109974185301068061e+00,-4.751129055049464478e-01,6.789900820511693524e+00,4.808737351439881458e+00,-8.594012862590539870e-01
1.657548403460729292e+00,3.162244942672983061e+00,2.090102413284633531e-01,5.530795006065138963e-01,-1.347511000881345122e-01,5.293337592773396383e-02,1.714879060151507373e+00,3.160678365045249905e+00,2.146442288328391790e-01,5.612983590809457191e-01,-1.369410369103194747e-01,5.982188102469509355e-02,1.773111114888553885e+00,3.159497292310933680e+00,2.214801147722316732e-01,5.706274528630691512e-01,-1.380517808778138067e-01,7.690304427889932404e-02,1.832324724750066025e+00,3.158927173382074294e+00,2.303118563990266821e-01,5.809774567059350359e-01,-1.382859888372767743e-01,9.969066566639815663e-02,1.892593218448164416e+00,3.159221377521061136e+00,2.415024088715013451e-01,5.923605501747349900e-01,-1.377000989768727424e-01,1.240490403759574728e-01,1.953986218300311384e+00,3.160655315833905021e+00,2.550179309119890991e-01,6.048885521771235618e-01,-1.362110989091856184e-01,1.461774750835161396e-01,2.016572574407563323e+00,3.163520257598903207e+00,2.704598740349102859e-01,6.187628941093284984e-01,-1.335993373660146477e-01,1.625811681559399258e-01,2.080423168942459711e+00,3.168116806931784435e+00,2.870934167899722445e-01,6.342581484931121283e-01,-1.295055661229004007e-01,1.700254521626102522e-01,2.145613794762524673e+00,3.174747977759325934e+00,3.038701220484876231e-01,6.516986530212128814e-01,-1.234193265673563245e-01,1.654645199607786277e-01,2.212228302010567749e+00,3.183711719714969135e+00,3.194417208541500686e-01,6.714252517763782402e-01,-1.146537271219272291e-01,1.459336919507398522e-01,3.190393655984729016e+00,-6.471252410340346817e-01,-3.593070690964856317e-01,3.553537400272556823e+00,-9.054352974158958465e-04,-6.731593309747617437e-02,3.930138476150611293e+00,6.627116177722641721e-01,1.124941623571989735e-01,4.325450621253102312e+00,1.338501514549692795e+00,1.864140245002335605e-01,4.745579264751255799e+00,2.021649994620412283e+00,1.604929949017632196e-01,5.196037964477179472e+00,2.708192204887374110e+00,4.014600393670025857e-02,5.680428851194667672e+00,3.395526447986678242e+00,-1.699900747349114283e-01,6.199292354227851298e+00,4.082859685141889905e+00,-4.661800851780234511e-01,6.749020382837332299e+00,4.771780041587919463e+00,-8.457648499945532583e-01
1.719879060259178916e+00,3.169338618956377474e+00,2.146442286537260935e-01,5.612983589089576286e-01,-1.369410368024108204e-01,5.982188041797546069e-02,1.778036378761125080e+00,3.168059979201454990e+00,2.210229824114828268e-01,5.688139161885890083e-01,-1.393862416465515841e-01,6.782594698785447684e-02,1.837031692578726227e+00,3.167181215948758233e+00,2.287077074760490158e-01,5.774433509813245990e-01,-1.408071104399266915e-01,8.587354892528756278e-02,1.896945418744564682e+00,3.166930709000649991e+00,2.384779121576444394e-01,5.871018071185073461e-01,-1.414053422085734535e-01,1.094883402452444948e-01,1.957851009111782226e+00,3.167564790959288779e+00,2.506838942244091206e-01,5.978067770308854723e-01,-1.412347204143917234e-01,1.345606049122177461e-01,2.019818056599610667e+00,3.169361790815441449e+00,2.652825921698614420e-01,6.096761975836809677e-01,-1.402099585865821674e-01,1.573323883265939915e-01,2.082915214595286724e+00,3.172615831748406556e+00,2.818714503044675301e-01,6.229185192960443596e-01,-1.381120814480408243e-01,1.743704158091894663e-01,2.147213024272311976e+00,3.177630370505898139e+00,2.997188454927275369e-01,6.378173168255019121e-01,-1.345874473429407581e-01,1.825226840237724746e-01,2.212786875310197576e+00,3.184711418518816117e+00,3.177890460332420952e-01,6.547088820123857511e-01,-1.291391205546735532e-01,1.788511305000520801e-01,2.279720306700796506e+00,3.194160247365933181e+00,3.347591548872300704e-01,6.739507562578017641e-01,-1.211055919022198252e-01,1.605372228864123674e-01,3.064559954277233267e+00,-6.269687121308832323e-01,-3.403667828966210895e-01,3.433882613760193436e+00,1.371265270433642998e-02,-5.221078363795798871e-02,3.817942314607735366e+00,6.711966102319187888e-01,1.238761231265120555e-01,4.222198859204468135e+00,1.340246650366855752e+00,1.945271128468797350e-01,4.652903185422115229e+00,2.016041094067615003e+00,1.661514753543193446e-01,5.115610923292079448e+00,2.694470914931039740e+00,4.457661399288634363e-02,5.614063948293620321e+00,3.372889861949152746e+00,-1.650871341795983049e-01,6.148953376387529701e+00,4.050310192393495434e+00,-4.585558579617212138e-01,6.716948888231871528e+00,4.727957142412340552e+00,-8.323300116852400121e-01
1.783036378903938735e+00,3.176720233025149387e+00,2.210229825940104864e-01,5.688139159473342144e-01,-1.393862417587357627e-01,6.782594578797594698e-02,1.841957021421412266e+00,3.175743912352775755e+00,2.282566194725763331e-01,5.756203161367834387e-01,-1.421285761999557806e-01,7.691760843056336117e-02,1.901652651888807277e+00,3.175184794740296024e+00,2.368959497941013626e-01,5.835442575347133953e-01,-1.438988532823818889e-01,9.587266949121427129e-02,1.962203772047548256e+00,3.175274276647090055e+00,2.477034155460635101e-01,5.925059613591423524e-01,-1.448964664054713802e-01,1.202343165071636799e-01,2.023683768027056740e+00,3.176271656429037638e+00,2.610150428668557843e-01,6.025285829306238350e-01,-1.451718270158138535e-01,1.459291934466772078e-01,2.086161979239606001e+00,3.178458111560560795e+00,2.767780033031547737e-01,6.137361382190098524e-01,-1.446376467423351464e-01,1.692530520339992073e-01,2.149706603351424938e+00,3.182130514094822171e+00,2.945862478331185974e-01,6.263442948768647156e-01,-1.430762491807481829e-01,1.868443743761582232e-01,2.214387549555448143e+00,3.187595059533140596e+00,3.137129407818878279e-01,6.406453731119972073e-01,-1.401414592978771356e-01,1.956451016076674598e-01,2.280279466659199450e+00,3.195160654630257113e+00,3.331379647015141887e-01,6.569871250825786158e-01,-1.353523650981533766e-01,1.928400185088273433e-01,2.347465168100143718e+00,3.205131911746135653e+00,3.515680140078983884e-01,6.757430356931665161e-01,-1.280751569949073743e-01,1.757678880502774599e-01,2.942572394373621503e+00,-6.068539505789597444e-01,-3.218079746053616463e-01,3.318410251556000112e+00,2.762776469119784459e-02,-3.849387676434206512e-02,3.710417789690386492e+00,6.782424696310958012e-01,1.331132366307070658e-01,4.124228070804349500e+00,1.339778082820432870e+00,2.000100666942160321e-01,4.566151390664088261e+00,2.007329101899514967e+00,1.689827749122914946e-01,5.041851699926654717e+00,2.676766442766630227e+00,4.626048874939675537e-02,5.555106562508673740e+00,3.345243308251204528e+00,-1.625432430258709482e-01,6.106740705554942750e+00,4.011689916805414313e+00,-4.524811839350291187e-01,6.693702493289427125e+00,4.677286375078732128e+00,-8.193062845699800034e-01
1.846957021597493309e+00,3.184404166088368626e+00,2.282566199942488716e-01,5.756203158321759883e-01,-1.421285765129688961e-01,7.691760665006644460e-02,1.906578049488325988e+00,3.183747450330085993e+00,2.364520770449405618e-01,5.817101247288728461e-01,-1.452074509032145744e-01,8.706116089874803288e-02,1.966911274770275275e+00,3.183528250799300352e+00,2.461478783949278548e-01,5.889211235344481432e-01,-1.473631044362482545e-01,1.068580126027727784e-01,2.028037086848157866e+00,3.183981046867253362e+00,2.580869242854428314e-01,5.971793004425652862e-01,-1.487913476993747708e-01,1.318812943017159678e-01,2.090028587446499664e+00,3.185368080222687137e+00,2.725894935003627118e-01,6.065135688340720366e-01,-1.495386997072761515e-01,1.581035870411768851e-01,2.152954607030055811e+00,3.187973293533244767e+00,2.895924201867867698e-01,6.170543002963809753e-01,-1.495158786400793416e-01,1.818828672433580040e-01,2.216882595860183880e+00,3.192096185435103095e+00,3.086865147510099439e-01,6.290242770685585683e-01,-1.485074206747622472e-01,1.999393034775706901e-01,2.281881502315046717e+00,3.198045555761285019e+00,3.291511033426005040e-01,6.427245246596854367e-01,-1.461760631803164234e-01,2.093192726658738845e-01,2.348024864626040209e+00,3.206133092550334851e+00,3.499841164180833020e-01,6.585136783759171220e-01,-1.420592702637938631e-01,2.073411114598130711e-01,2.415394352781936593e+00,3.216666669833056158e+00,3.699254345516713727e-01,6.767803499522025978e-01,-1.355543683915135522e-01,1.915134204348221125e-01,2.824399853295899376e+00,-5.869946223110739103e-01,-3.039768282408600308e-01,3.207141034790391032e+00,4.064913616713474592e-02,-2.646861871184900614e-02,3.607664588489897461e+00,6.836880364936422927e-01,1.399684068069436960e-01,4.031644793637692459e+00,1.336917406486886728e+00,2.026728818379214536e-01,4.485497229047376244e+00,1.995389659548078454e+00,1.687833755673508462e-01,4.974895174223920691e+00,2.654894635838889183e+00,4.497245114576454983e-02,5.503687424355913294e+00,3.312448125470311311e+00,-1.626182825170447988e-01,6.072746320313919810e+00,3.966828307153738464e+00,-4.483671291845033879e-01,6.679337632524386947e+00,4.619066577432459297e+00,-8.072281154711157258e-01
1.911578049695258574e+00,3.192407703975482125e+00,2.364520778764427900e-01,5.817101243697743174e-01,-1.452074514033857566e-01,8.706115856084270521e-02,1.971836734623189313e+00,3.192090809958467723e+00,2.457126921607923342e-01,5.870738771948986745e-01,-1.486589479638140698e-01,9.822016106326759977e-02,2.032744832796769874e+00,3.192234744403195990e+00,2.565630334317922090e-01,5.935627124779709884e-01,-1.512319375482029382e-01,1.187899433771227725e-01,2.094382399732609201e+00,3.193077126251287368e+00,2.697237026055261389e-01,6.011085472890700387e-01,-1.531172675520372506e-01,1.443832504978406761e-01,2.156822001491388807e+00,3.194883101829345762e+00,2.854974318769536445e-01,6.097466530816495478e-01,-1.543569384783491649e-01,1.710280984316471797e-01,2.220131684614063072e+00,3.197939269874434665e+00,3.038098950907627827e-01,6.196138937092564580e-01,-1.548597629861157565e-01,1.951546963466455065e-01,2.284377840089150791e+00,3.202547597541517188e+00,3.242489235686615845e-01,6.309402359273075245e-01,-1.544133096516188131e-01,2.135745669453980866e-01,2.349628101341805220e+00,3.209019307112655373e+00,3.461011685415264494e-01,6.440350385700881475e-01,-1.526907153136015105e-01,2.234488746580889362e-01,2.415954508178482119e+00,3.217668695228826259e+00,3.683847769687476625e-01,6.592675309656166327e-01,-1.492500127394775777e-01,2.222392707505112530e-01,2.483437155062130586e+00,3.228806771237420215e+00,3.898760454330972847e-01,6.770402275170492867e-01,-1.435224514462198064e-01,2.076356505031344557e-01,2.709966700410797014e+00,-5.674658647595701710e-01,-2.870061273899935927e-01,3.100150273306548687e+00,5.270364977132414169e-02,-1.631098982727575281e-02,3.509750887197311986e+00,6.874520943495393555e-01,1.442011941445595080e-01,3.944603488727643992e+00,1.331573589127329038e+00,2.022084785860524536e-01,4.411105859413173569e+00,1.980088575124137940e+00,1.652203536454112109e-01,4.914926745403013442e+00,2.628692044878782497e+00,4.035010349043967326e-02,5.459901730990869062e+00,3.274270399052509273e+00,-1.657043682277740959e-01,6.047044341187604921e+00,3.915414869615670312e+00,-4.466540750093297429e-01,6.673826712147593376e+00,4.553028744356055313e+00,-7.965974453285468160e-01
1.976836734856389999e+00,3.200751063512664807e+00,2.457126932705416267e-01,5.870738767855462337e-01,-1.486589486249033643e-01,9.822015820153311150e-02,2.037670342402667423e+00,3.200797148462293684e+00,2.561379909109656183e-01,5.917000669076818431e-01,-1.525149257598332198e-01,1.103546600417372181e-01,2.099090340249766928e+00,3.201330372278674119e+00,2.682366170247020287e-01,5.974552635334265949e-01,-1.555321426141218211e-01,1.316217669873258611e-01,2.161176204658336708e+00,3.202591535144452717e+00,2.827038257259361087e-01,6.042780799233107292e-01,-1.578950786756888047e-01,1.576841834375204976e-01,2.223999698165582739e+00,3.204848626348201002e+00,2.998227827867567807e-01,6.122104255613496360e-01,-1.596405551664495104e-01,1.846355559156921955e-01,2.287627781344422573e+00,3.208390755944994233e+00,3.195069737488905326e-01,6.213959959670175559e-01,-1.606756089238057239e-01,2.089879564751614960e-01,2.352125458970291128e+00,3.213522158230428083e+00,3.413412018264923020e-01,6.320720879736210218e-01,-1.607916235297536800e-01,2.276541896115564234e-01,2.417558700407891781e+00,3.220556249948096639e+00,3.646203304948585910e-01,6.445563172697610366e-01,-1.596735343226851345e-01,2.379189951482450771e-01,2.483997655516763992e+00,3.229809705262657982e+00,3.883845355708516744e-01,6.592275679145579437e-01,-1.569018821625564608e-01,2.373970342117096288e-01,2.551520388820078811e+00,3.241596449608611152e+00,4.114492501452574058e-01,6.765008232662794718e-01,-1.519445379488112979e-01,2.239679741203843277e-01,2.599276915737592120e+00,-5.482714657265077562e-01,-2.710754642236842815e-01,2.997449487628317755e+00,6.379604201005716069e-02,-8.260998278674526463e-03,3.416818336365664344e+00,6.895297331128005247e-01,1.455279113790647338e-01,3.863250984902321328e+00,1.323735262980030081e+00,1.983086575006376695e-01,4.343134895178597077e+00,1.961378808430727538e+00,1.579509688108607091e-01,4.862091497644672522e+00,2.598078281738161799e+00,3.202570168259893241e-02,5.423925989432538231e+00,3.230578133895648740e+00,-1.722337971655797106e-01,6.029661681441696786e+00,3.857289396677987536e+00,-4.478333322457553334e-01,6.677008299961413762e+00,4.478862439214901237e+00,-7.880391600165915778e-01
2.042670342657591398e+00,3.209457401925171371e+00,2.561379922651120244e-01,5.917000664563186740e-01,-1.525149265621337236e-01,1.103546567018932056e-01,2.104015893949709781e+00,3.209892568980067917e+00,2.678231926272798824e-01,5.955749604920564932e-01,-1.568018442560808190e-01,1.234182680813914745e-01,2.165884309593330226e+00,3.210844176393965910e+00,2.812587717929138087e-01,6.005830309660677990e-01,-1.602839559290172300e-01,1.452981504462259876e-01,2.228354213512938831e+00,3.212556217654249924e+00,2.971113439624400443e-01,6.066701835045237301e-01,-1.631379032308622468e-01,1.717173993546897703e-01,2.291496269740729286e+00,3.215299425002424272e+00,3.156422304613559215e-01,6.138855879666560433e-01,-1.653946669678823811e-01,1.988451577396238568e-01,2.355376039007995193e+00,3.219365231035497210e+00,3.367514550023374964e-01,6.223802017463947456e-01,-1.669595941226606484e-01,2.232855629758425664e-01,2.420056807688136580e+00,3.225059881389670924e+00,3.600204806230098420e-01,6.323988631906249935e-01,-1.676286860656736322e-01,2.420617142765529028e-01,2.485602530747710759e+00,3.232698685064356869e+00,3.847529987214534097e-01,6.442672259425662462e-01,-1.671000861599284404e-01,2.525914438179469590e-01,2.552081099242482942e+00,3.242600375982425120e+00,4.100126821919011233e-01,6.583732239138969655e-01,-1.649786194431410724e-01,2.526499473243726812e-01,2.619568127094558108e+00,3.255081503768272988e+00,4.346562570324079000e-01,6.751425511236386345e-01,-1.607704927769869896e-01,2.403128728555162519e-01,2.492350858158304039e+00,-5.292871299716404021e-01,-2.564094399873675378e-01,2.899149449318710214e+00,7.403337409499689825e-02,-2.579917946293445660e-03,3.328979960486210921e+00,6.900120609294519980e-01,1.436511227559690296e-01,3.787734938091351644e+00,1.313458312104508474e+00,1.906290230167315691e-01,4.281731912923574690e+00,1.939292528368467661e+00,1.465996561195684333e-01,4.816501169381385061e+00,2.563030463477895982e+00,1.956760506703273186e-02,5.395761947716242624e+00,3.181271157013795037e+00,-1.826721515713453647e-01,6.020560891319774122e+00,3.792247918614139568e+00,-4.524591129889845575e-01,6.688728147114010092e+00,4.396445489786805716e+00,-7.822419678869790838e-01
2.109015894219652409e+00,3.218552822350760234e+00,2.678231941895161672e-01,5.955749600039138558e-01,-1.568018451771867050e-01,1.234182643251114375e-01,2.170809891802166991e+00,3.219406107168399700e+00,2.808584276360245324e-01,5.986824656947685730e-01,-1.615397413088887901e-01,1.373553690212394596e-01,2.233062420938217496e+00,3.220808080711635046e+00,2.957134653433151072e-01,6.029278166617716428e-01,-1.654999833012510135e-01,1.597512506137464539e-01,2.295850963773302222e+00,3.223005911014423130e+00,3.130227129363807315e-01,6.082650568906401434e-01,-1.688499153599855862e-01,1.864003132696504805e-01,2.359244781010189307e+00,3.226272929964393743e+00,3.330231568312307933e-01,6.147512713723065625e-01,-1.716140753656314744e-01,2.135578338400878073e-01,2.423307718421750412e+00,3.230902648722870474e+00,3.555998917011092830e-01,6.225453237850330224e-01,-1.736962797199856356e-01,2.379298270492873346e-01,2.488101025841928049e+00,3.237203003148538816e+00,3.803305200504408790e-01,6.318998634507907441e-01,-1.748979785766197614e-01,2.566587901814712525e-01,2.553686317557203100e+00,3.245490819826033491e+00,4.065278834762568461e-01,6.431483697619867490e-01,-1.749317714197553553e-01,2.673033755173052639e-01,2.620128885264859431e+00,3.256086490563370628e+00,4.332801697941297547e-01,6.566870180681985136e-01,-1.734282919738375506e-01,2.678054755336283232e-01,2.687501522697729239e+00,3.269308776693092167e+00,4.594868956880946431e-01,6.729504906415951782e-01,-1.699337345836416380e-01,2.564401325450517133e-01,2.389211954698163609e+00,-5.103440238911205462e-01,-2.432719844549841304e-01,2.805334640388722711e+00,8.359238522723569376e-02,4.220882132867034993e-04,3.246386211314115755e+00,6.890695554505300580e-01,1.382241679646031285e-01,3.718214061517023605e+00,1.300897714248460124e+00,1.788052131660928523e-01,4.227053799843777604e+00,1.913948619388083916e+00,1.307721201284163803e-01,4.778269129386306879e+00,2.523626122296771968e+00,2.554103266844915364e-03,5.375437831818449474e+00,3.126399204455801772e+00,-1.975151672218706522e-01,6.019605671872182207e+00,3.720314109862179919e+00,-4.611343525264807730e-01,6.708690122699269232e+00,4.305626911998729156e+00,-7.799905197118602862e-01
2.175809892079515695e+00,3.228066360449148853e+00,2.808584293671022025e-01,5.986824651784229401e-01,-1.615397423223327023e-01,1.373553649217642003e-01,2.237988014123703628e+00,3.229369688338196820e+00,2.953276117886180496e-01,6.010042504556242227e-01,-1.667408789357025800e-01,1.520970480280092740e-01,2.300559205874090463e+00,3.231256826169206953e+00,3.116769970198049466e-01,6.044696213936621154e-01,-1.711836832365554173e-01,1.748974335572472116e-01,2.363599504463353096e+00,3.233978053651932694e+00,3.305050111977618776e-01,6.090415211516526650e-01,-1.750247419780502356e-01,2.016319492172302663e-01,2.427176458010894322e+00,3.237809105972198065e+00,3.520215490272782244e-01,6.147860453227316224e-01,-1.782816129925527959e-01,2.286525608887800265e-01,2.491351897075492872e+00,3.243045260137575880e+00,3.760951125044578736e-01,6.218705722038269101e-01,-1.808569341726446178e-01,2.527784395224841330e-01,2.556184749943990919e+00,3.249995742139424326e+00,4.022988338344433701e-01,6.305561145196080242e-01,-1.825584761454391025e-01,2.712812574032700819e-01,2.621734022657334240e+00,3.258978437100846115e+00,4.299548378691077644e-01,6.411837323219509166e-01,-1.831146083591367602e-01,2.818655648663701552e-01,2.688062131103241548e+00,3.270314886094862761e+00,4.581763547177241658e-01,6.541567082852626225e-01,-1.821830593676792009e-01,2.826427297801052951e-01,2.755238748400880233e+00,3.284325536423212011e+00,4.859062460799846161e-01,6.699170479866822792e-01,-1.793506501699724254e-01,2.720849156857144124e-01,2.289911931895858732e+00,-4.911691077419995111e-01,-2.319963477804724283e-01,2.716148008086727739e+00,9.275263143410394928e-02,4.109993037684892578e-04,3.169178398444771894e+00,6.869823921655802135e-01,1.288754135978935345e-01,3.654859875334798502e+00,1.286318051070352242e+00,1.624213110737962595e-01,4.179218268686779147e+00,1.885567433281750693e+00,1.100446591160057497e-01,4.747476771026242659e+00,2.480067484210379813e+00,-1.942716091880697382e-02,5.362950577732591206e+00,3.066098105822491870e+00,-2.172369061120298372e-01,6.026593552654397001e+00,3.641529489660856989e+00,-4.744873769187163970e-01,6.736476279972208658e+00,4.206454200928918752e+00,-7.822172654771282208e-01
2.242988014398805685e+00,3.238029941533322908e+00,2.953276136448367839e-01,6.010042499185969112e-01,-1.667408800214090492e-01,1.520970436582136931e-01,2.305484804899118334e+00,3.239818064078404447e+00,3.113072423387345800e-01,6.025204835954720561e-01,-1.724084046694784322e-01,1.675635653469923214e-01,2.368307741999733818e+00,3.242227889253202378e+00,3.292169698106932607e-01,6.051872127321515915e-01,-1.773281039608892162e-01,1.906383382604357191e-01,2.431531096110267409e+00,3.245512675339910835e+00,3.496150155723845576e-01,6.089779769642151841e-01,-1.816445427376214838e-01,2.172939662548618589e-01,2.495220411069126065e+00,3.249950279964979760e+00,3.726813454361906919e-01,6.139688562407968897e-01,-1.853679246368882816e-01,2.439907554386313571e-01,2.559435236465918972e+00,3.255837354313012355e+00,3.982659845018511890e-01,6.203368808232659903e-01,-1.883999321847556752e-01,2.676684411084913062e-01,2.624231944401695937e+00,3.263483929124624705e+00,4.259364214252186476e-01,6.283516856538008399e-01,-1.905555278902173744e-01,2.857346522957486257e-01,2.689666733838601775e+00,3.273208388311229733e+00,4.550236785802967976e-01,6.383620473406321771e-01,-1.915798891163668360e-01,2.960487494639337802e-01,2.755798986559856445e+00,3.285332827204543449e+00,4.846663290090356679e-01,6.507775009348140127e-01,-1.911588299665240021e-01,2.968963663563067845e-01,2.822695093842910730e+00,3.300178740518137310e+00,5.138512878069865231e-01,6.660449609626163392e-01,-1.889207993016326637e-01,2.869500981759341984e-01,2.194654327283029005e+00,-4.713049591311319064e-01,-2.227993914097149142e-01,2.631711407174542217e+00,1.019187045668057817e-01,-3.003383333628669924e-03,3.097538983356328490e+00,6.840876330924073878e-01,1.152078135934039987e-01,3.597802483516114869e+00,1.269993496580743786e+00,1.410985430602621216e-01,4.138357411583101886e+00,1.854390807144841835e+00,8.394718929780363437e-02,4.724096475907793469e+00,2.432501025105490378e+00,-4.702830453164409674e-02,5.358148169846836062e+00,3.000515113085853169e+00,-2.425677519470662846e-01,6.041296970633696972e+00,3.556149599971334396e+00,-4.932650679232816193e-01,6.771613112134169832e+00,4.099240348957206237e+00,-7.895229814233127863e-01
2.310484805160074373e+00,3.248478317194752218e+00,3.113072442758241798e-01,6.025204830529428124e-01,-1.724084057922248003e-01,1.675635608529524312e-01,2.373233323265244721e+00,3.250788692260573765e+00,3.288648441062399508e-01,6.032094057028961620e-01,-1.785352700228650391e-01,1.836549636614807912e-01,2.436239224987327923e+00,3.253761225496400566e+00,3.483898550909982905e-01,6.050581856273430370e-01,-1.839150917814987296e-01,2.068526579637565421e-01,2.499574729968249365e+00,3.257651970612434944e+00,3.703957825818162131e-01,6.080528585836716404e-01,-1.886786616683518714e-01,2.332392344368390269e-01,2.563303131956322201e+00,3.262740579515474248e+00,3.950293944607458640e-01,6.122806673888874229e-01,-1.928288039373797225e-01,2.593953009481446692e-01,2.627481491522555501e+00,3.269324605782885307e+00,4.221202220021093576e-01,6.179292798606533799e-01,-1.962667280095475031e-01,2.823941909094184188e-01,2.692163484910724769e+00,3.277714299620683835e+00,4.512293100639832022e-01,6.252775899042424257e-01,-1.988161856088633272e-01,2.997907771553021128e-01,2.757402442930787068e+00,3.288227865616472734e+00,4.816966012044723855e-01,6.346818322940470658e-01,-2.002407216387691313e-01,3.096043939784665633e-01,2.823254682923299175e+00,3.301187239477367807e+00,5.126860369078051205e-01,6.465564794426310602e-01,-2.002545859228653524e-01,3.102898311518189067e-01,2.889783264551883502e+00,3.316914215701885826e+00,5.432276533764819337e-01,6.613508483526375770e-01,-1.985273846253929331e-01,3.007060492977864374e-01,2.103430036727856667e+00,-4.503481214840179825e-01,-2.161121746387531795e-01,2.552148285288386109e+00,1.114397852564589647e-01,-1.024827784628371506e-02,3.031669848243751186e+00,6.808396134002477895e-01,9.670319505366009594e-02,3.547259537386454387e+00,1.252389220168625750e+00,1.142240772260648823e-01,4.104578800442605591e+00,1.820933229496085159e+00,5.192151213669272958e-02,4.708189822677056213e+00,2.381424381056195916e+00,-8.063121396219456727e-02,5.360946048807428532e+00,2.930022093040416831e+00,-2.738170184638160087e-01,6.063353017800118927e+00,3.464496168371346663e+00,-5.179745358451344206e-01,6.813351329812653567e+00,3.984276344682947002e+00,-8.030981577716708175e-01
2.378233323497588980e+00,3.259448945310635448e+00,3.288648460714558297e-01,6.032094051743251972e-01,-1.785352711617890498e-01,1.836549591430926831e-01,2.441164797656622198e+00,3.262321575558070119e+00,3.480563322178727992e-01,6.030495981123071836e-01,-1.851020363884287034e-01,2.002388231599204760e-01,2.504282772020719694e+00,3.265899205043103493e+00,3.692370244994313544e-01,6.040629670795524264e-01,-1.909111730585698607e-01,2.233817627543531470e-01,2.567657120679025518e+00,3.270440368851717405e+00,3.928717363545108365e-01,6.062487214334129071e-01,-1.960798544037085367e-01,2.492872931087482813e-01,2.631348656039376177e+00,3.276226019865430050e+00,4.190712345312881393e-01,6.097076841934278013e-01,-2.006033347165160907e-01,2.746688255447027882e-01,2.695411842005103420e+00,3.283554018629466498e+00,4.476427514000370089e-01,6.146393842494572990e-01,-2.043835920685683205e-01,2.967407657009520916e-01,2.759897637945865068e+00,3.292734170993846021e+00,4.781396031064373275e-01,6.213326596749014774e-01,-2.072534632646050590e-01,3.132081200745666094e-01,2.824856547814729613e+00,3.304083813765610333e+00,5.099095014050415431e-01,6.301509304374010023e-01,-2.089954143031058365e-01,3.222499671360889439e-01,2.890341971721375192e+00,3.317923939647962062e+00,5.421409279701280282e-01,6.415128446818689767e-01,-2.093536798918046449e-01,3.224968609441005163e-01,2.956413909254524963e+00,3.334575792084703227e+00,5.739067163483416723e-01,6.558685108510193817e-01,-2.080386263350124942e-01,3.129975165694839911e-01,2.016593892601957538e+00,-4.277167297939635793e-01,-2.126581699155246086e-01,2.477874001381483282e+00,1.221347950978492747e-01,-2.183909991691901364e-02,2.971657685662228321e+00,6.777986806703343303e-01,7.298346789132968693e-02,3.503245947805254001e+00,1.234025264226267460e+00,8.157391420630887013e-02,4.077834200566089251e+00,1.785471244896996268e+00,1.373254176975207373e-02,4.699588068456739265e+00,2.327214587294611725e+00,-1.207116013865221077e-01,5.370953762797734399e+00,2.855254652501877821e+00,-3.118565284359131606e-01,6.092235725376689892e+00,3.367078805026066934e+00,-5.495852135910636038e-01,6.861312710268802739e+00,3.862202235595815214e+00,-8.235169136127417078e-01
2.446164797843668470e+00,3.270981828558528370e+00,3.480563341455277793e-01,6.030495976040768369e-01,-1.851020375057695622e-01,2.002388187641217510e-01,2.509212292629220631e+00,3.274207331504463525e+00,3.691153456927805387e-01,6.002527810211535364e-01,-1.968802057464763278e-01,2.210832601721645641e-01,2.572379090859765238e+00,3.277779029587168935e+00,3.928221848704139818e-01,5.989892654862377652e-01,-2.063917289838518854e-01,2.530636648879899253e-01,2.635724398648215061e+00,3.282162698643330767e+00,4.198467246665392172e-01,5.993484190030611281e-01,-2.136845962409105459e-01,2.873649259109702925e-01,2.699294465962952305e+00,3.287865168782381886e+00,4.500316387594257006e-01,6.017011902674599400e-01,-2.185214551980202147e-01,3.162571182386464952e-01,2.763131115385777381e+00,3.295421853548361923e+00,4.825014937990764197e-01,6.066971894806486576e-01,-2.204478495993350551e-01,3.331054307951680227e-01,2.827280954415805070e+00,3.305385582684214452e+00,5.157714596757178027e-01,6.152199800809334818e-01,-2.188392006988098826e-01,3.323454654588735568e-01,2.891805527859276026e+00,3.318316122844173766e+00,5.478514327105236115e-01,6.283035036823002573e-01,-2.129217553443563116e-01,3.094119651122166359e-01,2.956882501104520333e+00,3.334624371265598963e+00,5.764256457394543176e-01,6.469276101219166852e-01,-2.051839968728709218e-01,2.623992641561856964e-01,3.022495430100444302e+00,3.353192860376990936e+00,6.057711082052079643e-01,6.494944323721756341e-01,-2.175169074756025389e-01,3.244018079308450542e-01,1.505079241442132787e+00,-1.994279724167338896e+00,-1.643394659571400795e-01,2.138965050267928270e+00,-8.701644327196292883e-01,1.632197830690489404e-01,2.840593061352585824e+00,2.796070184943424963e-01,2.680487014503136756e-01,3.624187676053554963e+00,1.447322076271235769e+00,1.698869097744367951e-01,4.502909161238541458e+00,2.624617623436578562e+00,-1.110558964033175056e-01,5.484295140924245082e+00,3.804575307113889693e+00,-5.541095056027075527e-01,6.566668500369160277e+00,4.981819012157569837e+00,-1.137626081830512392e+00,7.736774791484729796e+00,4.999971361028979544e+00,-1.833474200042237268e+00,3.690534903363963615e+00,-4.118578436718879909e-01,9.447170769666966006e-01
2.514212293909852125e+00,3.282867583881451168e+00,3.691153429143835263e-01,6.002527803111582516e-01,-1.968802034017801406e-01,2.210832599503299578e-01,2.577309252842229892e+00,3.286151786908305894e+00,3.928706415174954558e-01,5.955049654752484489e-01,-2.111773020482669294e-01,2.541127848951025836e-01,2.640445711713352406e+00,3.289729420199734466e+00,4.203060168691740706e-01,5.924730847448915760e-01,-2.222847757671052860e-01,2.945448057663115904e-01,2.703663106325742138e+00,3.294224680744396672e+00,4.515903421296829645e-01,5.915153592244455361e-01,-2.299687108952188641e-01,3.310366619599393601e-01,2.766993868071609963e+00,3.300305083019543950e+00,4.858341674277017463e-01,5.934213750291875700e-01,-2.336693673380526859e-01,3.537658162974640641e-01,2.830474706765819359e+00,3.308666003961245661e+00,5.212430032792758627e-01,5.993665842509472430e-01,-2.325879263221682647e-01,3.544426767813652068e-01,2.894174336171733142e+00,3.319993820956705921e+00,5.552811771534627017e-01,6.107713555281428786e-01,-2.262611467706571178e-01,3.265105470596379456e-01,2.958319181844037082e+00,3.334780270583192152e+00,5.849254543214190694e-01,6.289997259774653404e-01,-2.175949744781749129e-01,2.667955373808104658e-01,3.022962119675332016e+00,3.352916977458763714e+00,6.101142387623995633e-01,6.440266337303802713e-01,-2.101388580794892047e-01,2.371408402740843302e-01,3.087933874050788674e+00,3.372766745746654138e+00,6.387880170443080985e-01,6.420768129887113318e-01,-2.270947789688929908e-01,3.360291461580667827e-01,1.258903116542456013e+00,-2.517516920311332562e+00,1.316592981427393283e-01,2.043105626227434968e+00,-1.025878474602477830e+00,3.785339938989876196e-01,2.929614020613708902e+00,4.991517998367779319e-01,3.333839968618570460e-01,3.940054164026014938e+00,2.047931613765748171e+00,2.330988483885436044e-02,5.089510896018748731e+00,3.610798740752922509e+00,-5.235267310666448237e-01,6.379082827806860756e+00,4.999828566996733947e+00,-1.276583823317295252e+00,7.790698398640324207e+00,5.000000007971204141e+00,-2.193432869327186729e+00,6.626901477600371848e+00,4.458518321126406114e+00,-1.438553322302510873e+00,2.540561053309053907e+00,-1.838445337955682879e+00,1.871547981210919476e+00
2.582309254022803202e+00,3.294812037967481455e+00,3.928706426062886226e-01,5.955049641775932434e-01,-2.111773031257235811e-01,2.541127762110388377e-01,2.645376335546396174e+00,3.297916542542029816e+00,4.210438844462276453e-01,5.871969784515271851e-01,-2.307146849499509267e-01,3.093411362419898891e-01,2.708367085956310483e+00,3.301154826913716978e+00,4.547039222644698730e-01,5.810671413563349708e-01,-2.445150022236407261e-01,3.636862797087160870e-01,2.771274420396255600e+00,3.305517964437689749e+00,4.928793652964205130e-01,5.782447243457664587e-01,-2.517227974180964445e-01,3.996511443418240828e-01,2.834095353452536603e+00,3.312049087264051561e+00,5.329849522658203220e-01,5.806672958662111306e-01,-2.510934591763284707e-01,4.024488874131829652e-01,2.896948295881344837e+00,3.321667938300442824e+00,5.711814571791344886e-01,5.907101733908232122e-01,-2.446984323508953063e-01,3.617946853574789401e-01,2.960210543813706519e+00,3.335001547663049237e+00,6.028142826955936728e-01,6.106568424463963973e-01,-2.345789425908978709e-01,2.715449223044931193e-01,3.024091395318216247e+00,3.352168763514706828e+00,6.258280392275514803e-01,6.314514633822196910e-01,-2.217571064470104936e-01,1.891844903065818817e-01,3.088320961868075365e+00,3.372242413026110608e+00,6.454228258762267911e-01,6.406305660752102948e-01,-2.178692822564097520e-01,2.026144794228695867e-01,3.152633619857928782e+00,3.393280504917575602e+00,6.729971018954047368e-01,6.335720517902269089e-01,-2.367489094824890561e-01,3.482210165043152506e-01,7.671765772714550513e-01,-3.691525075087936258e+00,6.916057932563108857e-01,1.873629678617472871e+00,-1.283799371209470186e+00,7.608751693857253029e-01,3.178358457714857366e+00,1.180608298027815417e+00,3.684425212511578396e-01,4.721044941984577470e+00,3.686510947890048406e+00,-4.390048506102715575e-01,6.511774323210376636e+00,4.999999903410365931e+00,-1.605772017052845779e+00,8.515781684164505094e+00,5.000000009592230121e+00,-3.040351399460645254e+00,8.046268394445682759e+00,5.000000009430848102e+00,-2.918104406176046162e+00,4.777927555414700045e+00,2.714775497831886764e+00,-4.089068420414455618e-01,1.215542878176954611e+00,-2.347158037924951479e+00,3.087233460758242121e+00
2.650376336966673740e+00,3.306576789904648539e+00,4.210438911028163700e-01,5.871969777474246310e-01,-2.307146935578730795e-01,3.093411079689128984e-01,2.713300462666003554e+00,3.309213051210168732e+00,4.562713406821418682e-01,5.742073369947418016e-01,-2.555152725914470735e-01,3.949472157437293185e-01,2.775977678374565549e+00,3.312002824981000959e+00,4.989510139979255743e-01,5.645089359960734354e-01,-2.707472218028085242e-01,4.582993368125158895e-01,2.838350363876370519e+00,3.316440364884551961e+00,5.456527542614081350e-01,5.609269188070604706e-01,-2.745780787675418111e-01,4.756100280067826480e-01,2.900506744819337346e+00,3.323900498481416665e+00,5.908977751926272060e-01,5.673359890848693743e-01,-2.690001684987085029e-01,4.296802732340468389e-01,2.962920876037574036e+00,3.335350533205315937e+00,6.278672624372889643e-01,5.876164833622500305e-01,-2.583524337490800127e-01,3.107214667382456330e-01,3.026001127456815265e+00,3.351115832827686880e+00,6.522693130870170775e-01,6.128394357368719403e-01,-2.429345390104370173e-01,1.781652084656839274e-01,3.089480210762904910e+00,3.370656824090257242e+00,6.671802107154684025e-01,6.300039650497952781e-01,-2.267518680906443207e-01,1.201632681695580240e-01,3.153006027780460574e+00,3.392514338747704805e+00,6.817807137240725623e-01,6.352685978057248661e-01,-2.251466355559895993e-01,1.715590555463148426e-01,3.216497178325655959e+00,3.414711193785150201e+00,7.084624594458494018e-01,6.239332889257621639e-01,-2.464384429324276427e-01,3.611255885878878469e-01,2.787240886648753024e-01,-4.557906483993427571e+00,1.512592586606510192e+00,1.937036715472438830e+00,-9.673036886781233301e-01,1.073047292574549560e+00,3.967813048933468867e+00,2.693474988502981393e+00,-2.355935459669328963e-02,6.417768693703732374e+00,4.999999957021511676e+00,-1.694297286279407677e+00,9.242956177490034619e+00,5.000000006640125783e+00,-3.801585141966437931e+00,9.427997557611108803e+00,5.000000006083372917e+00,-4.324748610287571182e+00,6.551958650063144596e+00,4.999993956397741357e+00,-2.368272217253668988e+00,3.437108829009822841e+00,1.430384524382060762e+00,5.128639634690266291e-01,1.087641280373704833e-01,-3.027528061687537964e+00,4.229852502587366558e+00
2.718300462795947503e+00,3.317873290755856797e+00,4.562713589153256089e-01,5.742073449739529822e-01,-2.555153021400956570e-01,3.949471423158518180e-01,2.780876967413751455e+00,3.319865513318895900e+00,5.018711621332673234e-01,5.543104539272957210e-01,-2.852044361619694435e-01,5.163212982396726547e-01,2.843039831865838085e+00,3.322108405426796196e+00,5.567936923003323768e-01,5.411749674193849780e-01,-3.033710538790415634e-01,5.816501463371441805e-01,2.904816648155115644e+00,3.326844635376128956e+00,6.133834251065222176e-01,5.413967154737596710e-01,-3.002110342239154850e-01,5.504194274149004640e-01,2.966590332917308004e+00,3.335883211044516017e+00,6.609544445051991346e-01,5.595871503637714905e-01,-2.902937845863293731e-01,4.024801615728175741e-01,3.028779484573357550e+00,3.349724578119898322e+00,6.914207121112910803e-01,5.841734949866514981e-01,-2.730958338126059926e-01,2.082743513483163722e-01,3.091396711100540706e+00,3.368045160046170494e+00,7.056190102661672459e-01,6.107359503194141892e-01,-2.523275674691081161e-01,7.627657758927186560e-02,3.154171928776199785e+00,3.389919097911382018e+00,7.114153739447605096e-01,6.273374513863747559e-01,-2.327445719770580568e-01,3.951254629823035963e-02,3.216858580386943611e+00,3.413627526700983239e+00,7.199335892306861773e-01,6.298124914374806371e-01,-2.318016210400214161e-01,1.303895704231883834e-01,3.279424638434659034e+00,3.437030525168415451e+00,7.452576375783566132e-01,6.131103943345136420e-01,-2.561182639305992770e-01,3.747843950534821000e-01,-3.571844083623860744e-01,-5.000000009997526362e+00,2.552123398222173378e+00,2.540137028721857870e+00,-1.115715429992066410e+00,1.251459440263015477e+00,6.260616736992583142e+00,4.999998394421290016e+00,-1.164001678241073368e+00,1.000000000906278252e+01,5.000000009985070548e+00,-4.491983072143131750e+00,1.000000000993156490e+01,5.000000009987885186e+00,-5.993308611861310808e+00,9.004358913682153798e+00,5.000000009972830561e+00,-4.459234417387251348e+00,5.712409417072804807e+00,4.789366283736906205e+00,-1.904055953020629133e+00,2.276488536968462650e+00,5.357042019268597466e-01,1.485501805668839603e+00,-1.323471056879473862e+00,-3.871238304827817611e+00,5.662568898357666747e+00
2.785876961390475692e+00,3.328525738305494031e+00,5.018711991242525983e-01,5.543104911496242737e-01,-2.852045127519793333e-01,5.163211403284628798e-01,2.847783440168129232e+00,3.329704438682739021e+00,5.652776080831413141e-01,5.228545959920871677e-01,-3.227328555682095756e-01,7.494431402654468943e-01,2.909721003754874857e+00,3.331401600669426699e+00,6.439733895710134659e-01,5.148962015831189953e-01,-3.529524088189168185e-01,8.239390706041044288e-01,2.971883555700649548e+00,3.336774662581875717e+00,7.167776323401566785e-01,5.196816940597830392e-01,-3.464375034705914347e-01,6.345239166092906391e-01,3.033469734553132291e+00,3.347538858839538278e+00,7.638231849538432705e-01,5.356489597927220903e-01,-3.267493865038978429e-01,3.093918320182905690e-01,3.094642652605201771e+00,3.363525371085505089e+00,7.816787887572806959e-01,5.640612923218875085e-01,-2.995271369379601256e-01,4.915889314302553798e-02,3.155993005310272270e+00,3.384302268901096422e+00,7.787592578874342752e-01,6.004981056711192755e-01,-2.689206425724176563e-01,-1.070529790020275374e-01,3.217732671961679003e+00,3.408957703460608890e+00,7.671425643634838254e-01,6.276122231768753723e-01,-2.404992004790300064e-01,-1.255634023468710780e-01,3.279643033459175516e+00,3.435256709201609748e+00,7.624020220743134013e-01,6.297662083902455521e-01,-2.368946800146700393e-01,2.994641187903808455e-02,3.341313790883194468e+00,3.460204314472251408e+00,7.834551251312840137e-01,6.010538703770490487e-01,-2.657340575489425261e-01,3.891354045400766681e-01,-1.254307556691040659e+00,-4.999999989944433842e+00,5.843349136573762870e+00,6.994018920195951949e+00,-3.374649456040896389e+00,1.817920829225553980e+00,9.999999971532442800e+00,4.999999975250278617e+00,-5.258310890307317464e+00,9.999999985291440296e+00,4.999999989049974225e+00,-9.407658684024649887e+00,9.999999970656691772e+00,4.999999978549019453e+00,-7.995667247957705115e+00,9.999999887225840212e+00,4.999999949139828814e+00,-5.306342790267412290e+00,6.926427726393354689e+00,4.999916434617128758e+00,-1.573235902882005322e+00,1.147881304982333983e+00,-1.043222830087750935e-01,3.098100336957016143e+00,-4.709299714848256713e+00,-4.999999667657113456e+00,8.692839071930874795e+00
2.877025505052571042e+00,3.331317581074860090e+00,5.590823066179579914e-01,5.351272730549812007e-01,-3.137403651574942609e-01,7.532895665244325745e-01,2.951368463558155408e+00,3.331569748478871773e+00,6.467827759771902496e-01,4.684407594821620169e-01,-3.544559741766158401e-01,1.119963600235720724e+00,3.021541297133397919e+00,3.340682696862903978e+00,7.447375958551822883e-01,4.630251816651516084e-01,-3.405341509980461812e-01,7.399100549244949088e-01,3.074135866632919267e+00,3.358922626748951590e+00,7.947050809352489420e-01,4.729963603368111946e-01,-3.254235700153123578e-01,3.859184430927336540e-01,3.126606735012577687e+00,3.366866891938984363e+00,8.105226140973000870e-01,4.966812331996836583e-01,-3.300440870547453054e-01,6.002503776972959587e-02,3.180426492023233909e+00,3.377249929128113948e+00,7.945635300574065418e-01,5.334837582796148059e-01,-3.233462274719689500e-01,-2.498495050609988721e-01,3.235665417618705408e+00,3.390567230445623359e+00,7.574606419329357188e-01,5.784420429131338359e-01,-2.898198312850012170e-01,-3.675220179392731934e-01,3.292764701369772951e+00,3.408505644009152125e+00,7.404180394542179133e-01,6.293549848803948743e-01,-2.680511809876376383e-01,4.922628009984268693e-02,3.351478896136896868e+00,3.438577795816431415e+00,7.706383112622865461e-01,6.265187558068596729e-01,-2.931666550767287882e-01,4.659839010658366476e-01,3.407834462304217382e+00,3.473328838184738476e+00,8.186957436002603172e-01,5.784788953205383111e-01,-2.807657325520289682e-01,4.050836864936412929e-01,-9.865972363471675166e+00,-5.003438508487211500e+00,1.000393938273071726e+01,1.000375792979975564e+01,5.003526251036368500e+00,-1.000089903678289360e+01,1.000153768104538976e+01,5.003646147095734520e+00,-1.000351436444036324e+01,1.000219830295628931e+01,-5.003615783382413973e+00,-1.000337333518442939e+01,1.000255181044088282e+01,-5.003107569356441964e+00,-1.000302684362915961e+01,1.000311078807162524e+01,3.486724557232545596e+00,-4.754035678300194689e+00,1.000154961556219924e+01,5.003882560995343454e+00,1.000250922232516082e+01,1.090559672469872468e-02,-5.003727390866157698e+00,1.000343585652296952e+01,-1.000143767690168950e+01,4.997854695911176925e+00,-2.412215121295191000e+00
2.917365326092169031e+00,3.346342347470316447e+00,6.585931436887889623e-01,4.433168983023677012e-01,-3.695419862067511607e-01,1.110957521351009447e+00,2.994515147632056173e+00,3.347243140368796332e+00,7.501439389080172271e-01,4.396925741059516390e-01,-3.575498531955704218e-01,7.255984924702617578e-01,3.050545125356964427e+00,3.353849941548778357e+00,8.046148353910255180e-01,4.526205880764203049e-01,-3.356071230974503883e-01,3.674269347704600674e-01,3.105793173089566928e+00,3.365840687892476257e+00,8.241871981479064191e-01,4.808213905269071997e-01,-3.047069101182333650e-01,2.604072423857354407e-02,3.161489054925909592e+00,3.382331356384695731e+00,8.105344655161610401e-01,5.221999503862728709e-01,-2.828729682608663865e-01,-2.971210079047522656e-01,3.218463519883991708e+00,3.402942725295071913e+00,7.715328968529701070e-01,5.717884988117913903e-01,-2.379056775924587863e-01,-4.816392873094875737e-01,3.277332021799745032e+00,3.427180404457657925e+00,7.438833566960909582e-01,6.157333480191606867e-01,-2.178675644940356593e-01,-7.436530156124461499e-02,3.338382457132769154e+00,3.454326384544530448e+00,7.562481974347945446e-01,6.472990871242099153e-01,-2.163116596619163445e-01,3.196822554352093393e-01,3.400795171295052821e+00,3.482485340386836548e+00,8.079263565734206010e-01,6.342253101053272335e-01,-2.621957444036341345e-01,7.109133068947686152e-01,3.461559693157015616e+00,3.508944460235846385e+00,8.642824055825977236e-01,5.730694541003774622e-01,-2.844884283017089510e-01,4.191915197842621676e-01,1.000000000970781322e+01,5.000000007306246275e+00,-1.000000000895663987e+01,1.000000000966582903e+01,5.000000003418526795e+00,-1.000000000833778202e+01,1.000000000960128510e+01,4.999999969203948957e+00,-1.000000000684426560e+01,1.000000000950369206e+01,-1.341305772054097512e+00,-1.000000000207180939e+01,1.000000000934068467e+01,4.999999976600967067e+00,-6.296670528657012156e+00,1.000000000901374442e+01,4.999999991386213871e+00,9.999999993735093184e+00,1.000000000803589728e+01,4.999999975828155030e+00,9.999999996326531360e+00,1.538466435594555870e+00,-4.999999818136418916e+00,9.999999990893160273e+00,-1.000000000805978750e+01,-4.960618673571558723e+00,-8.610942724532637982e+00
2.979476491438325603e+00,3.355903336034873341e+00,7.501438158100942610e-01,4.396943028058163949e-01,-3.575503405579132377e-01,7.255983033475863486e-01,3.036675960836813903e+00,3.361260392696657107e+00,8.144363962334920659e-01,4.471754244377510457e-01,-3.732805785231990137e-01,5.625272014755180461e-01,3.093897026056890098e+00,3.370918790432415602e+00,8.532007667006872298e-01,4.658771188863280455e-01,-3.457004250702536696e-01,2.155974952253143229e-01,3.151127069984411833e+00,3.385135979186431499e+00,8.584974530307388774e-01,4.997373973524429913e-01,-3.331121438012389357e-01,-1.077313599833627095e-01,3.209718616984464923e+00,3.403103945447838452e+00,8.319675846712427658e-01,5.470049004970078954e-01,-3.058197658410271580e-01,-4.204259019485134252e-01,3.269843953100844303e+00,3.425055003146009192e+00,7.899905594486948957e-01,5.988631701036460919e-01,-2.634007628277796886e-01,-4.193488540904856121e-01,3.331874745490801537e+00,3.450556555276817594e+00,7.687142799821100603e-01,6.412663985189939186e-01,-2.445090274768054739e-01,-8.867253303573081891e-03,3.395869573823672383e+00,3.479067205172675425e+00,7.878632529029847564e-01,6.700446668379528292e-01,-2.470172135713065431e-01,3.896825758855903543e-01,3.459674082508028103e+00,3.507766247357498646e+00,8.464752517521362263e-01,6.208342117199850962e-01,-2.884266722969410224e-01,7.786965475237188627e-01,3.519706102520009594e+00,3.534405774235685804e+00,9.069656527912569599e-01,5.570861414025680691e-01,-2.934444066295476827e-01,4.343222193255975583e-01,9.999999640477378549e+00,-4.999999599230296354e+00,-4.882548078793239377e+00,9.999999690532167307e+00,4.999966830381544547e+00,-9.999998345698958957e+00,9.999999628387699957e+00,-3.150422909120937920e+00,-9.999997074723200541e+00,9.999999534927187739e+00,-1.779144464765517464e+00,-9.999992440975033148e+00,9.999999378724689691e+00,4.999698950973526124e+00,-1.428610193761606695e+00,9.999999065304841395e+00,4.999959044099426819e+00,9.999970295091099359e+00,9.999998122363692232e+00,4.391356150965707528e+00,9.999975139915122213e+00,-6.737031071265654703e+00,-2.876743459506447387e+00,9.996154899830056451e+00,-9.999998166309831404e+00,3.375666364076702064e-01,-9.834658349333606608e+00
3.041676176056741454e+00,3.369920685487928225e+00,8.144363284855472562e-01,4.471757164820723829e-01,-3.732805409802009700e-01,5.625271834118200642e-01,3.099432862423940449e+00,3.378866192303132454e+00,8.572623711634835830e-01,4.606645313259890018e-01,-3.646183743558320534e-01,2.964973542300455289e-01,3.157253328596400621e+00,3.391760415884682356e+00,8.759639987228908797e-01,4.849802238928155873e-01,-3.505641701454550452e-01,7.904426451180557311e-02,3.215558849082243764e+00,3.408391124523389326e+00,8.765131582715409708e-01,5.171616876177400624e-01,-3.330629909317469606e-01,-6.721942285879767276e-02,3.274764279648359810e+00,3.428459997006019222e+00,8.679069950626653318e-01,5.517018802721894710e-01,-3.157465812341209710e-01,-1.045231279397325352e-01,3.335114751239061981e+00,3.451569168117011088e+00,8.609896540666087672e-01,5.831213492631742712e-01,-3.024090877250469322e-01,-3.398569249454651275e-02,3.396500915137365517e+00,3.477312847123721795e+00,8.639196096873031916e-01,6.064057985619044633e-01,-2.947991398623346915e-01,9.217480291777967183e-02,3.458267288651498905e+00,3.505087974586337474e+00,8.803026285477845159e-01,6.133403061568017955e-01,-2.934487970615570207e-01,2.346884296124751856e-01,3.518776931051216472e+00,3.533342573773327722e+00,9.103657487109170221e-01,5.842534157280282470e-01,-2.970462667570797355e-01,3.652495448445688964e-01,3.576396281201222216e+00,3.560509789856194818e+00,9.511423146414373919e-01,5.397693692650258335e-01,-3.019707310554091695e-01,4.490187926582792644e-01,9.228509665057474720e+00,-3.086048213420564124e-01,-7.932208583532542434e+00,9.139793387766012245e+00,-3.460335984511843654e-01,-6.933487680439220924e+00,9.065883294764169875e+00,-1.687285763803724470e-01,-5.173367334131109274e+00,8.726383375473698578e+00,1.652081049803356405e-01,-2.293368845330218342e+00,8.214008316002503918e+00,5.539604918842829795e-01,6.407863277428381688e-01,7.197807412445355268e+00,9.255818460204033871e-01,2.213275260168691361e+00,4.318367944646348988e+00,1.200969851112997144e+00,2.765674476565942008e+00,-3.697967763600858326e+00,1.412016671351796315e+00,2.620820234647557978e+00,-6.706206919120710985e+00,1.606015299792756146e+00,1.564571722259193720e+00
3.104433222551047145e+00,3.387526354189783540e+00,8.572623289885583642e-01,4.606651618009542926e-01,-3.646185410476575073e-01,2.964975182192572944e-01,3.162456963409545629e+00,3.400441687899127707e+00,8.783932185767595602e-01,4.869639637561101742e-01,-3.544266817216594201e-01,1.274846532735181837e-01,3.221144061807458936e+00,3.416939442048489983e+00,8.864546405188383771e-01,5.136704923730851524e-01,-3.428428793706995714e-01,3.443244875762014462e-02,3.280453587680731697e+00,3.436418388607816343e+00,8.883097691031449639e-01,5.374603202440868532e-01,-3.311921142147471464e-01,2.958424286416321079e-03,3.340212175775555181e+00,3.458314415815229026e+00,8.894491603733809537e-01,5.557727053243312065e-01,-3.207797793129350539e-01,1.983101757223945313e-02,3.400114653049377100e+00,3.482103556170791148e+00,8.941131479867551191e-01,5.668006013756253791e-01,-3.127091820797099353e-01,7.319828075330775397e-02,3.459740085443508750e+00,3.507306609817670839e+00,9.054304508141409746e-01,5.693701591699686926e-01,-3.076970873385900807e-01,1.526474083388900671e-01,3.518575829092265295e+00,3.533487182574754470e+00,9.255567973748540789e-01,5.627878351252483258e-01,-3.059347731925700087e-01,2.491223545666271522e-01,3.576044339960618323e+00,3.560241289288782252e+00,9.558024916912681856e-01,5.467203595665925953e-01,-3.070157159885668618e-01,3.547733372161529508e-01,3.631530354155869222e+00,3.587180872997799863e+00,9.967464518165950471e-01,5.211460318126323044e-01,-3.099376956510701553e-01,4.628326364415287220e-01,9.948088950089980287e+00,-8.681396145939626052e-01,-5.615747153103669120e+00,8.529019067294886014e+00,-7.932811501275943700e-01,-3.708339134815520577e+00,7.095899419521307649e+00,-5.709651858019438864e-01,-2.102008571323889186e+00,5.641163288837491407e+00,-2.694383160951199785e-01,-7.983811104598261821e-01,4.164438943153602857e+00,7.653066788415571753e-02,2.274161123634884651e-01,2.672050889384396832e+00,4.602729250085646484e-01,1.011618880202010740e+00,1.176013783164715054e+00,8.977840722063611389e-01,1.592210752077279912e+00,-3.063281969660429649e-01,1.421984489743249425e+00,2.004105766458315063e+00,-1.751500577898779110e+00,2.076791039955551366e+00,2.278143402498743697e+00
3.167457106248456444e+00,3.409101882496909930e+00,8.783931712854159413e-01,4.869642146367386126e-01,-3.544267293249785955e-01,1.274847853675483977e-01,3.225930409691290190e+00,3.425227450189341383e+00,8.876698927520333404e-01,5.047505597669180721e-01,-3.447763451195270390e-01,5.851860620005368274e-02,3.284632360622489422e+00,3.443705571522869491e+00,8.924249935417961632e-01,5.213809323815152830e-01,-3.351738342102741353e-01,3.676984904156072043e-02,3.343490087613284700e+00,3.464197108592670826e+00,8.968746192230919734e-01,5.349083596362340653e-01,-3.266155436758272912e-01,5.219841586106145626e-02,3.402330645718182556e+00,3.486394591812104871e+00,9.042758368389570700e-01,5.439362240671274940e-01,-3.198698893539783650e-01,9.561634777991739886e-02,3.460892908231971266e+00,3.510024027338391583e+00,9.170143011134438416e-01,5.475432429212698793e-01,-3.154059284073343905e-01,1.587656844524278077e-01,3.518844152764119659e+00,3.534843169523542272e+00,9.366966348921261787e-01,5.451893115592928440e-01,-3.133391875499161316e-01,2.343214440201320248e-01,3.575798325452582915e+00,3.560635022312060194e+00,9.642412180951476230e-01,5.366371502152502693e-01,-3.134104783253002791e-01,3.158489114074045645e-01,3.631334395997761977e+00,3.587197749899471599e+00,9.999647123363617496e-01,5.219081988476876877e-01,-3.150041334282978056e-01,3.977570538296066882e-01,3.685014358186447403e+00,3.614333432021844317e+00,1.043665477075660375e+00,5.012744706698819552e-01,-3.172058886327283611e-01,4.752809842387090700e-01,6.361648600490864780e+00,-1.059062740221643040e+00,-3.041937237698631336e+00,5.555111816537948499e+00,-8.557513136888725835e-01,-1.801760248681763654e+00,4.737004044104583755e+00,-5.914719044190487329e-01,-7.933895127968154659e-01,3.906660040822157676e+00,-2.863524424128879309e-01,-1.880857860028378476e-03,3.068369324920312557e+00,5.267547853599459373e-02,5.953417506729742348e-01,2.230509986175784221e+00,4.294600227471119802e-01,1.022831158069017032e+00,1.404843317533146729e+00,8.560672552995175488e-01,1.303971012983777378e+00,6.060731939216805753e-01,1.349937990384462383e+00,1.459911224178631839e+00,-1.483472535833669781e-01,1.930992934406138284e+00,1.509868369266197163e+00
3.230930437610975314e+00,3.433887686395683314e+00,8.876698737216125457e-01,5.047505976438085851e-01,-3.447763446093647377e-01,5.851864286599299525e-02,3.289442821553747898e+00,3.452057589049779995e+00,8.933416961488779284e-01,5.138725784222144544e-01,-3.365063668429443822e-01,5.492661868595011959e-02,3.347761499636842331e+00,3.471712273596366582e+00,8.999526067874853430e-01,5.212897145160785284e-01,-3.293802559302116406e-01,7.716636897308312704e-02,3.405799934595758138e+00,3.492712663290193920e+00,9.097617208152227741e-01,5.260522970496825934e-01,-3.238817630651172896e-01,1.187681579495269563e-01,3.463407920262778106e+00,3.514944636359624397e+00,9.244100275629664187e-01,5.275343721264516006e-01,-3.202651538688669475e-01,1.738333047322057623e-01,3.520383188712397082e+00,3.538316894439232030e+00,9.449782055984788931e-01,5.253753520757999951e-01,-3.185485568234457943e-01,2.370558712737014240e-01,3.576483550025337799e+00,3.562756177845018080e+00,9.720455878111947667e-01,5.194327198914429067e-01,-3.185206836422518339e-01,3.037200636211876970e-01,3.631438846581293678e+00,3.588200610472294994e+00,1.005748555938918543e+00,5.097527625542096485e-01,-3.197645720815894821e-01,3.696891375092705712e-01,3.684962519127013891e+00,3.614592516137479894e+00,1.045838144087558153e+00,4.965584819313037523e-01,-3.216984934681149100e-01,4.313993396238267608e-01,3.736762760069974210e+00,3.641872178950441796e+00,1.091737733281617384e+00,4.802478949787367668e-01,-3.236315614420459119e-01,4.858668571909164347e-01,3.715269295818462769e+00,-1.007503001436604428e+00,-1.297247807679770437e+00,3.381762604997415433e+00,-7.776210583682710009e-01,-5.764964653169734055e-01,3.042457022733272343e+00,-5.186662294924910821e-01,-1.018913555613570714e-02,2.701047023522139767e+00,-2.349519407878879196e-01,4.157700975536888222e-01,2.363754836880270105e+00,7.306699150696162326e-02,7.165046223460787012e-01,2.038697028821067292e+00,4.079764453911362554e-01,9.065908971126758198e-01,1.735343137862845442e+00,7.744139891209862459e-01,9.994064082295076590e-01,1.464033375139598858e+00,1.178001454130451986e+00,1.007132855515561864e+00,1.235472121695250225e+00,1.624278019201563117e+00,9.411572438841910859e-01
3.294442821434806046e+00,3.460717843469105492e+00,8.933417004705660469e-01,5.138725772230875455e-01,-3.365063714183542110e-01,5.492661540699577544e-02,3.352595261368609414e+00,3.480116763754894205e+00,9.006438795829744270e-01,5.149739428301561839e-01,-3.302757641386102061e-01,9.084096729852901564e-02,3.410160236478828821e+00,3.500413950015115461e+00,9.120637425071828064e-01,5.144792826590991464e-01,-3.257332066350748234e-01,1.372137789039504507e-01,3.467058425918572162e+00,3.521617103512586500e+00,9.284650943936294532e-01,5.120915398108119021e-01,-3.229041080159413823e-01,1.904066940085488158e-01,3.523176952252844885e+00,3.543749265578010732e+00,9.503655147920111457e-01,5.076660440000672070e-01,-3.216801789340228424e-01,2.471371531225434459e-01,3.578377020976928780e+00,3.566844842307926200e+00,9.779722033648150514e-01,5.011861470947013286e-01,-3.218365343313697724e-01,3.044844304954639203e-01,3.632501110016546075e+00,3.590944945058066828e+00,1.011218079009625459e+00,4.927481047466465980e-01,-3.230542449485943046e-01,3.598878994056527447e-01,3.685379742248140023e+00,3.616092776550274390e+00,1.049797541933885858e+00,4.825531564771017856e-01,-3.249478176187972633e-01,4.111415437282900376e-01,3.736837896796393554e+00,3.642329759050904947e+00,1.093201609690146681e+00,4.709032597529346220e-01,-3.270959890780392176e-01,4.563865922963895594e-01,3.786701018396354090e+00,3.669692962882201037e+00,1.140752249280056585e+00,4.581965079302517951e-01,-3.290734620852788783e-01,4.941025401202117084e-01,1.823250941490397459e+00,-8.554822935376393822e-01,-1.941438373813689500e-01,1.846616480930192372e+00,-6.340782096706631954e-01,1.484373732992687323e-01,1.871676197030452959e+00,-3.978428217483122031e-01,4.030624878183715620e-01,1.903501719400196857e+00,-1.493961222692001545e-01,5.786518859668318138e-01,1.947897483074571445e+00,1.090888719703780874e-01,6.836526654205526965e-01,2.010942700249492621e+00,3.757352906181910535e-01,7.257701054831031673e-01,2.098593217057344695e+00,6.487549559007309563e-01,7.119073285686562391e-01,2.216316518766388910e+00,9.262626873224775181e-01,6.482225451056121690e-01,2.368745179365293829e+00,1.206149324273562806e+00,5.402439832025006661e-01
3.357595259809585286e+00,3.488777023982174708e+00,9.006438973722973307e-01,5.149739491600249242e-01,-3.302757780766171214e-01,9.084093153359887318e-02,3.415015486469150208e+00,3.508859989999259632e+00,9.125949751640902718e-01,5.091369819834530297e-01,-3.263168950313383720e-01,1.477063722496796960e-01,3.471499779757260207e+00,3.529465375511155134e+00,9.302227191432791420e-01,5.021638342851998393e-01,-3.240923207790769589e-01,2.043547588269508941e-01,3.526990528479834186e+00,3.550701162490633500e+00,9.534335431763640845e-01,4.941580157914027827e-01,-3.233196877231542254e-01,2.593543865961281392e-01,3.581418270467484177e+00,3.572680554818581378e+00,9.820009017396339468e-01,4.852657889803301816e-01,-3.237032364376047910e-01,3.114800921422244961e-01,3.634705245249237660e+00,3.595518584134825613e+00,1.015585858208288839e+00,4.756735931795851302e-01,-3.249481126267877995e-01,3.597110338368788018e-01,3.686768559483141861e+00,3.619329276528569839e+00,1.053756951700345779e+00,4.656058241630879335e-01,-3.267742581116098721e-01,4.032188761554961198e-01,3.737523028762508304e+00,3.644223556735945557e+00,1.096008481686073344e+00,4.553216990346226622e-01,-3.289286662533072447e-01,4.413479843465201169e-01,3.786883697290857498e+00,3.670307971239274991e+00,1.141776376030148255e+00,4.451107790045448764e-01,-3.311950772493414963e-01,4.735869676411787466e-01,3.834767999112517867e+00,3.697684232806594640e+00,1.190450790304485418e+00,4.352872967868509080e-01,-3.334000992080922154e-01,4.995318576357940521e-01,5.212512251157820353e-01,-6.618958942291049974e-01,4.440844235324359346e-01,8.079371415224314568e-01,-4.601239633337264601e-01,5.238181630166093283e-01,1.103149071754779831e+00,-2.552617958275699150e-01,5.673610593888621656e-01,1.411223991215254880e+00,-5.281598998820660057e-02,5.790047986092866639e-01,1.735983235312985817e+00,1.415649019919227036e-01,5.626372665036418752e-01,2.080504952012252051e+00,3.221085547007109806e-01,5.215644093330300546e-01,2.446903392555694001e+00,4.830026792935155910e-01,4.583765954190741065e-01,2.836200883360088465e+00,6.184571235024896030e-01,3.747887029681666315e-01,3.248287111631424473e+00,7.228475111179427648e-01,2.714772008799355429e-01
3.420015486469808241e+00,3.517520250442227159e+00,9.125949991330423172e-01,5.091370016116660846e-01,-3.263169159414390785e-01,1.477063149444946821e-01,3.476373926081336663e+00,3.537943295058601390e+00,9.306482122016113134e-01,4.975915033431912438e-01,-3.244574566629790935e-01,2.127461756630191769e-01,3.531502360411308050e+00,3.558662034595274193e+00,9.548374875911704862e-01,4.855131229635712975e-01,-3.240374409957124113e-01,2.704512337941765709e-01,3.585372042757539290e+00,3.579846327990343191e+00,9.844426955536894619e-01,4.732433940391395089e-01,-3.246280107088517775e-01,3.210968095101822128e-01,3.637956952113934328e+00,3.601662966189281612e+00,1.018776406181064020e+00,4.610987686084827564e-01,-3.258926210249218913e-01,3.650601684707740491e-01,3.689234177511295787e+00,3.624274190387939854e+00,1.057193219959154717e+00,4.493744344593934015e-01,-3.275848457275373216e-01,4.028033709280344210e-01,3.739184071500952111e+00,3.647837061343349951e+00,1.099096698149057083e+00,4.383431237644271339e-01,-3.295433717143165797e-01,4.348424434874755273e-01,3.787790136639519023e+00,3.672503395190218178e+00,1.143942644801499764e+00,4.282515506719785647e-01,-3.316841397309531203e-01,4.617053432764402499e-01,3.835038642956792199e+00,3.698420015480281986e+00,1.191237691927399700e+00,4.193163455453778887e-01,-3.339898435946079269e-01,4.838802004886362251e-01,3.880918016967386031e+00,3.725729108524337363e+00,1.240532308528609295e+00,4.117212853760528479e-01,-3.364971284797120821e-01,5.017557086141275491e-01,-3.303655879632511061e-01,-4.519486945236747544e-01,7.622530226928152519e-01,1.454012552157250837e-01,-2.751194520347209904e-01,6.662914842617643219e-01,6.343169583619792107e-01,-1.086706796051031126e-01,5.729263121157375238e-01,1.138711452402126456e+00,3.873661677710706075e-02,4.834166492105876900e-01,1.659711952249876887e+00,1.588513455026734633e-01,3.987850900295164536e-01,2.197176737242616973e+00,2.437917707120259569e-01,3.194217887894742480e-01,2.749780580683285347e+00,2.860182677613162250e-01,2.447454830510006896e-01,3.315093867182877130e+00,2.783211874485509996e-01,1.728850380655971852e-01,3.889698618937698971e+00,2.138471036654217838e-01,1.003884859007951602e-01
3.481373924814036069e+00,3.546603553636256123e+00,9.306482373206214076e-01,4.975915308018942218e-01,-3.244574819561812373e-01,2.127461117632463150e-01,3.536392368129805952e+00,3.567163663869460599e+00,9.551995879717053439e-01,4.815305037302509139e-01,-3.242494702063402068e-01,2.775838647197468867e-01,3.589942465171558794e+00,3.587890855023043724e+00,9.856403351188490758e-01,4.655668869251037290e-01,-3.250117771025550217e-01,3.305983362351924137e-01,3.642026217730232496e+00,3.608987500191304321e+00,1.020867190489911591e+00,4.501801560140070158e-01,-3.263003586723287053e-01,3.733769025986939383e-01,3.692657792343173373e+00,3.630647558112077622e+00,1.059936732369671120e+00,4.357780112896645908e-01,-3.278385389006029382e-01,4.075249083043284704e-01,3.741861591698845135e+00,3.653057250855900495e+00,1.102065237886420856e+00,4.226977419009892989e-01,-3.294937524992925248e-01,4.346276057430156770e-01,3.789670152727958818e+00,3.676396222992336149e+00,1.146624036836274341e+00,4.112032956607286072e-01,-3.312525243437588474e-01,4.561985064718292460e-01,3.836121830652042597e+00,3.700838683616260116e+00,1.193129223790496463e+00,4.014822411436623772e-01,-3.331950421608085855e-01,4.736181616779506220e-01,3.881258337969983874e+00,3.726554202678973748e+00,1.241224939539005145e+00,3.936451126583102589e-01,-3.354704801606271380e-01,4.880667729223531204e-01,3.925122283826279812e+00,3.753707977145709140e+00,1.290659634055244087e+00,3.877283610181240237e-01,-3.382737508423793171e-01,5.004512444474977784e-01,-8.476343489960876942e-01,-2.386555203171329131e-01,8.706172400288719748e-01,-2.410787873371603163e-01,-9.191793427423582130e-02,6.620604178720118638e-01,3.803689471762536356e-01,2.951454085838373098e-02,4.848371957038223878e-01,1.016494263143251198e+00,1.151315048872961627e-01,3.384121568096524757e-01,1.665634823981474444e+00,1.556657848785794607e-01,2.219009315327019338e-01,2.324879388075852926e+00,1.428322080503807434e-01,1.335040794240680007e-01,2.990292817609643716e+00,6.905840333174956269e-02,7.006339241699338638e-02,3.657117490545342076e+00,-7.278281728754144864e-02,2.671270146061204345e-02,4.319906733584858216e+00,-2.896351269692038488e-01,-3.457844211237287926e-03
3.541392363390940545e+00,3.575823920357243058e+00,9.551996106560918243e-01,4.815305324785557062e-01,-3.242494971872347254e-01,2.775838061380420108e-01,3.594845190113130862e+00,3.596409530643935426e+00,9.859705915949753541e-01,4.620200897111878535e-01,-3.251123751040591037e-01,3.370989035149457580e-01,3.646643259579248841e+00,3.617092106301272647e+00,1.021966777810564775e+00,4.432091583739498630e-01,-3.264365418089467674e-01,3.821880780329299232e-01,3.696818324881312900e+00,3.638085947191000979e+00,1.061875055188389094e+00,4.256511179175319071e-01,-3.278514986776228102e-01,4.154421650472348015e-01,3.745420202572251167e+00,3.659594541497743769e+00,1.104638224906234312e+00,4.097892980673551455e-01,-3.291959269471959049e-01,4.393822252948178519e-01,3.792513120891132239e+00,3.681813035936519096e+00,1.149445805437941281e+00,3.959558388998156153e-01,-3.304751488178952479e-01,4.564173309559044212e-01,3.838171920527313041e+00,3.704930506248769184e+00,1.195718288805728946e+00,3.843677685437961733e-01,-3.318191339963318942e-01,4.687557472881640486e-01,3.882478122941719789e+00,3.729131428904665757e+00,1.243084344078144943e+00,3.751265020157390495e-01,-3.334456714324676163e-01,4.783520559479097489e-01,3.925516117218631695e+00,3.754596303187715645e+00,1.291351303516998339e+00,3.682255875347830165e-01,-3.356281773568293714e-01,4.868257342160220991e-01,3.967369596462694936e+00,3.781501438933653425e+00,1.340467969288834826e+00,3.635594273601712723e-01,-3.386681098445870064e-01,4.953886568410082458e-01,-1.125213414307876247e+00,-3.034156727197717326e-02,8.496084225305735593e-01,-4.330504293960499851e-01,8.064835336319949033e-02,5.725864011671510934e-01,2.727685393022004079e-01,1.515409876390477750e-01,3.483107029505982388e-01,9.894710944249869300e-01,1.715314075695816010e-01,1.748678557783724663e-01,1.713330605155541697e+00,1.317403553060304822e-01,5.011723609751329855e-02,2.439374791619537852e+00,2.467342243793334972e-02,-2.994272042613736404e-02,3.161672791672145877e+00,-1.562648558912442254e-01,-7.049738188108205239e-02,3.874526507509778561e+00,-4.173322127993363551e-01,-7.895026712014169279e-02,4.571627149152124758e+00,-7.646185433429038003e-01,-6.490120556094100546e-02
3.599845181505509029e+00,3.605069785797086368e+00,9.859706095177374063e-01,4.620201153814250117e-01,-3.251124011466568486e-01,3.370988561222023061e-01,3.651555705022778486e+00,3.625622450075293379e+00,1.022285787788577371e+00,4.399702936817417309e-01,-3.264480686289196742e-01,3.884650686117518958e-01,3.701470833468595067e+00,3.646231544324140650e+00,1.062946798784043079e+00,4.191720799583820711e-01,-3.277856285665832203e-01,4.241447880632941980e-01,3.749649894605009415e+00,3.667110338258498192e+00,1.106551535517764639e+00,4.002084231137338355e-01,-3.288766294353472341e-01,4.474628858198073655e-01,3.796173718640359240e+00,3.688461399986386891e+00,1.152023407848859593e+00,3.835185447919046142e-01,-3.296955679732357369e-01,4.615978762776367650e-01,3.841139577263088523e+00,3.710480070702889765e+00,1.198592992739581309e+00,3.693947649362510632e-01,-3.303810407752096889e-01,4.695107791187019264e-01,3.884656107570826133e+00,3.733357023954523513e+00,1.245772436486983992e+00,3.579835356943973923e-01,-3.311837272051605385e-01,4.738706184524451581e-01,3.926838395582753716e+00,3.757279592171312466e+00,1.293322556509461041e+00,3.492922885162714208e-01,-3.324235983708253017e-01,4.769823105095277183e-01,3.967803437279957546e+00,3.782431822435436519e+00,1.341212905621949281e+00,3.432010472228301801e-01,-3.344567782418118029e-01,4.807175106008035881e-01,4.007666175652458307e+00,3.808993387598718527e+00,1.389574946747197837e+00,3.394771650915062722e-01,-3.376506328114169397e-01,4.864456120229746494e-01,-1.239209414394758069e+00,1.668402610258273300e-01,7.547586671406588676e-01,-4.959961924500206343e-01,2.371404873178354911e-01,4.401323716073359815e-01,2.573820747155821653e-01,2.541315598030629008e-01,1.936492043799124263e-01,1.016047541228488171e+00,2.078427945978398583e-01,1.257044312345947761e-02,1.774285971280243901e+00,9.073873157898364183e-02,-1.068317036997584041e-01,2.525985457573020287e+00,-1.030903661282064482e-01,-1.698476335229460454e-01,3.264869903433847753e+00,-3.787607482306808993e-01,-1.836443288255434070e-01,3.984502316742802641e+00,-7.414195871199317223e-01,-1.574724304201678970e-01,4.678148649431059347e+00,-1.196978663708148760e+00,-1.028750549916232077e-01
3.656555693367985693e+00,3.634282705000576819e+00,1.022285799888098978e+00,4.399703143176405540e-01,-3.264480915338242584e-01,3.884650345037646835e-01,3.706390358106736560e+00,3.654769457342434524e+00,1.063268749996958196e+00,4.161406905592021643e-01,-3.277154632124761879e-01,4.304791693364371508e-01,3.754328185527087136e+00,3.675282385474681224e+00,1.107641937315938074e+00,3.940579615748294184e-01,-3.286240530653207759e-01,4.564211329980948917e-01,3.800453603596254837e+00,3.696026792969720365e+00,1.153991730881507749e+00,3.743008483648957996e-01,-3.290645436158367021e-01,4.701486879419141118e-01,3.844874120512143723e+00,3.717198997473267763e+00,1.201278952898579444e+00,3.572746566010736591e-01,-3.291428398007885114e-01,4.752867396712053827e-01,3.887714173509825955e+00,3.738990156736235804e+00,1.248811634935725445e+00,3.432114629464904643e-01,-3.291109727316659517e-01,4.751518864587377933e-01,3.929109210413543440e+00,3.761588590177876945e+00,1.296210460626428640e+00,3.321775877075438532e-01,-3.293101596401399322e-01,4.726806006579707953e-01,3.969200252663149797e+00,3.785180515495842446e+00,1.343367490381017326e+00,3.240876244629430358e-01,-3.301276731301177603e-01,4.703657773916105067e-01,4.008129143768607960e+00,3.809949373781436499e+00,1.390398827805499726e+00,3.187220458048169447e-01,-3.319664477890356680e-01,4.701982819816003523e-01,4.046034612712161582e+00,3.836073998433556564e+00,1.437591511375976960e+00,3.157454389227322689e-01,-3.352246370939726550e-01,4.736094079572900628e-01,-1.248770692894867418e+00,3.502083618647272578e-01,6.248881330022272307e-01,-4.800969891088510133e-01,3.760402085580649700e-01,2.924238395298224269e-01,2.933528045351849745e-01,3.377767834201176322e-01,3.931492721853840216e-02,1.065177156529576230e+00,2.270777015045188363e-01,-1.382173051636904348e-01,1.828742119754014128e+00,3.824592402807227426e-02,-2.451903111169030369e-01,2.577537122199745845e+00,-2.328086249904174898e-01,-2.883175107384780000e-01,3.305298845178461953e+00,-5.896178100487120544e-01,-2.761817227021702847e-01,4.005841710602227046e+00,-1.036133365692571306e+00,-2.193634433221934299e-01,4.672659321076202410e+00,-1.577608769357871088e+00,-1.305760239306687776e-01
3.711390344716550604e+00,3.663429713040140978e+00,1.063268756309192264e+00,4.161407061243370675e-01,-3.277154817785042362e-01,4.304791466423584234e-01,3.759252585173255667e+00,3.683824655958611860e+00,1.107974099554188685e+00,3.911562676634159907e-01,-3.284700994437325661e-01,4.629566748189222758e-01,3.805149716262580029e+00,3.704213872022951382e+00,1.155123850604997005e+00,3.683567179853135531e-01,-3.286214827129589899e-01,4.795341585663261408e-01,3.849188848178182187e+00,3.724792188568645468e+00,1.203340193118563217e+00,3.482908258675191382e-01,-3.281952260692511114e-01,4.844336508998825508e-01,3.891500312811992490e+00,3.745748061052940336e+00,1.251651932422201741e+00,3.313099884890675639e-01,-3.274106158271323230e-01,4.815603946300336391e-01,3.932230724333765526e+00,3.767267164116839595e+00,1.299459038700912172e+00,3.175749871654987011e-01,-3.266065377969492589e-01,4.744313181771481203e-01,3.971536621368915831e+00,3.789534101611013117e+00,1.346490647857237821e+00,3.070713883441886227e-01,-3.261844841711272758e-01,4.661143784585048411e-01,4.009578936268226812e+00,3.812732396416083969e+00,1.392757607497009831e+00,2.996302915756852703e-01,-3.265686735043880629e-01,4.591789605266804464e-01,4.046518414177304734e+00,3.837043099176457694e+00,1.438500440590625651e+00,2.949504567878354355e-01,-3.281808182345807290e-01,4.556529268447082059e-01,4.082512007345825644e+00,3.862642357288398998e+00,1.484132960283863767e+00,2.926182965205159636e-01,-3.314252485960725303e-01,4.569780364073856571e-01,-1.198988841619025081e+00,5.190379210406591559e-01,4.839139422305995808e-01,-4.232404912855628476e-01,4.984712224432117367e-01,1.461834371936721610e-01,3.508287878505008672e-01,4.057220730787676199e-01,-1.044252430910463658e-01,1.115941787208339697e+00,2.344304999977558923e-01,-2.727473478383777850e-01,1.865201776422795055e+00,-1.909693070535345080e-02,-3.649803926127254683e-01,2.592349684129045428e+00,-3.571323933625137337e-01,-3.889748075180814446e-01,3.291668223016495975e+00,-7.816873618167635707e-01,-3.543143325847570302e-01,3.957648586080154018e+00,-1.295597144875916262e+00,-2.723451188349426122e-01,4.584388072511226930e+00,-1.903439188823962569e+00,-1.563055337868708428e-01
3.764252571321033969e+00,3.692484913068386554e+00,1.107974100912606286e+00,3.911562790041718807e-01,-3.284701133424922648e-01,4.629566608563341346e-01,3.810077281016974293e+00,3.712758122897946933e+00,1.155468898378807507e+00,3.655289745990161210e-01,-3.283758267053216162e-01,4.863237780486333595e-01,3.853896684309922271e+00,3.732985856081107556e+00,1.204521320206924928e+00,3.424693037179200594e-01,-3.275472119995291864e-01,4.942859516609300896e-01,3.895838243407050872e+00,3.753352950770946439e+00,1.253815025465471633e+00,3.224769788485938316e-01,-3.261284253203103889e-01,4.912975321651558702e-01,3.936051662411568230e+00,3.774040756628786575e+00,1.302459537749235396e+00,3.058374010172025259e-01,-3.244281526551066608e-01,4.814179965378161952e-01,3.974701490920359515e+00,3.795230093017614603e+00,1.349947606254244148e+00,2.926368130562844172e-01,-3.228451648874007263e-01,4.682529836127272693e-01,4.011960698069026776e+00,3.817102165361727195e+00,1.396107442480762018e+00,2.827854853406701063e-01,-3.218146334526748031e-01,4.549091970012829056e-01,4.048005387386030662e+00,3.839837810237132665e+00,1.441051196404167012e+00,2.760441113085608245e-01,-3.217738050585510212e-01,4.439629371492030407e-01,4.083010652164820620e+00,3.863615507643394231e+00,1.485120575822109101e+00,2.720485206785030474e-01,-3.231428767505704069e-01,4.374334414865204135e-01,4.117147480072254950e+00,3.888608536761621437e+00,1.528829704136059009e+00,2.703299864293821075e-01,-3.263159869385461320e-01,4.367537388566452572e-01,-1.122568191591896802e+00,6.749125251743391951e-01,3.460104371872866902e-01,-3.522191830091802034e-01,6.077678760238667266e-01,1.033102693720185962e-02,4.095269493410937378e-01,4.628810938876959380e-01,-2.331235921384847976e-01,1.155126186114795450e+00,2.359663226346543352e-01,-3.902375186929303297e-01,1.877981147529561801e+00,-7.474585127925087447e-02,-4.682003555264076522e-01,2.572529063206034916e+00,-4.698463749012309898e-01,-4.757061649416238769e-01,3.233985638400561857e+00,-9.500115351966034183e-01,-4.229172760928178731e-01,3.857768408185866527e+00,-1.517088158252069663e+00,-3.214706812473255293e-01,4.438844994503809538e+00,-2.175023223196275168e+00,-1.845500603199191347e-01
3.815077267716627141e+00,3.721418381640674067e+00,1.155468896042882276e+00,3.655289828107965433e-01,-3.283758362983602019e-01,4.863237700810276731e-01,3.858826170940940159e+00,3.741530380466001393e+00,1.204878731953781257e+00,3.396782826321346205e-01,-3.271996491384121519e-01,5.013195427685362970e-01,3.900553421082144201e+00,3.761547161698552966e+00,1.255041790978573157e+00,3.167256285021370354e-01,-3.252575639541711028e-01,5.015704981984242528e-01,3.940404520003588651e+00,3.781645871616860610e+00,1.304714584975263492e+00,2.971086968491467029e-01,-3.227904815684273787e-01,4.916617477179900941e-01,3.978545396087117769e+00,3.802002878349191928e+00,1.353089066641749438e+00,2.810412255312352281e-01,-3.201718639087919871e-01,4.757153992735992376e-01,4.015154886007926471e+00,3.822795872664900507e+00,1.399744042858905635e+00,2.685370475102728527e-01,-3.178362086446909762e-01,4.573487717154792187e-01,4.050418560187331707e+00,3.844203962854661150e+00,1.444593370115900832e+00,2.594400785854450442e-01,-3.162310425781908463e-01,4.396500221385604701e-01,4.084523931315690248e+00,3.866406273156477003e+00,1.487832309765955596e+00,2.534546426684712861e-01,-3.157890690150976232e-01,4.251642688517826563e-01,4.117656905382752086e+00,3.889579530312514244e+00,1.529882739233487055e+00,2.501713259490694896e-01,-3.169153682064072552e-01,4.158835549912991980e-01,4.149999272630383373e+00,3.913894990662615925e+00,1.571337094306358706e+00,2.490859940938577877e-01,-3.199837739944224602e-01,4.132309560649440883e-01,-1.041857422749441930e+00,8.209702600656401117e-01,2.182988559164343867e-01,-2.847629563617789517e-01,7.084162102075434175e-01,-1.115055416901115926e-01,4.568499758177052006e-01,5.147284662265076971e-01,-3.460216471939455696e-01,1.175652100036720382e+00,2.375784406942280103e-01,-4.920900699275845280e-01,1.865752999305468451e+00,-1.230429870625497496e-01,-5.576917042176339212e-01,2.522595963289882892e+00,-5.662743567171286685e-01,-5.520141034435211980e-01,3.142530937788365453e+00,-1.091650736179016201e+00,-4.854350679421128856e-01,3.722096765524469220e+00,-1.700189712640434836e+00,-3.694789326798418871e-01,4.257228427266955606e+00,-2.395259385182535006e+00,-2.169007145082816057e-01
3.863826158898157725e+00,3.750190640713336521e+00,1.204878727284011131e+00,3.396782886919590405e-01,-3.271996551702983091e-01,5.013195385412213545e-01,3.905483715424405311e+00,3.770090898707320282e+00,1.255411438370938493e+00,3.139485161943346703e-01,-3.247929615715088314e-01,5.088459668468519048e-01,3.945123598483949223e+00,3.789836784145248494e+00,1.305983670797132623e+00,2.913986341797534241e-01,-3.216826044039183263e-01,5.022948001826692543e-01,3.982907361009199843e+00,3.809600937216457428e+00,1.355422876308711500e+00,2.723979986430037914e-01,-3.181655149266950922e-01,4.863300890945370103e-01,4.019013901653571530e+00,3.829557461536098550e+00,1.402996916778515679e+00,2.570840638706849979e-01,-3.146599845535279494e-01,4.650964163325457812e-01,4.053633019520457736e+00,3.849882823666351150e+00,1.448364506566648613e+00,2.454026588624041993e-01,-3.116187520651296783e-01,4.422696449529872620e-01,4.086959635537053437e+00,3.870755982305467580e+00,1.491515574763188079e+00,2.371506450136010580e-01,-3.094854591213662132e-01,4.208056647375082449e-01,4.119189655962509633e+00,3.892356288695061117e+00,1.532712687651676786e+00,2.319850359406402107e-01,-3.086787694356567524e-01,4.032062761202201417e-01,4.150516981781922965e+00,3.914859911629838596e+00,1.572438468572453729e+00,2.294592411200497561e-01,-3.095779392898550531e-01,3.913764096489444899e-01,4.181131676692569243e+00,3.938437199018118839e+00,1.611343860878836631e+00,2.290561708675426800e-01,-3.125326587324681604e-01,3.867807795735221377e-01,-9.708623321770778469e-01,9.635986412288358727e-01,1.046740399371615671e-01,-2.310940397859330697e-01,8.028596380376241681e-01,-2.193394106476360128e-01,4.866952645458616500e-01,5.652298150632577567e-01,-4.457411250563158012e-01,1.174513604806862288e+00,2.436248550733941254e-01,-5.823458026803817189e-01,1.828762606659483536e+00,-1.592810534426528091e-01,-6.355980045776017384e-01,2.448741086547227219e+00,-6.424764040692526601e-01,-6.197450126494699063e-01,3.028228379157477335e+00,-1.204801594787977326e+00,-5.428065554281097382e-01,3.563973919924883660e+00,-1.845863096587369689e+00,-4.175854798290725145e-01,4.056356365972238365e+00,-2.568782146091133090e+00,-2.534546274218195672e-01
3.910483705099763618e+00,3.778751160091968320e+00,1.255411432254501136e+00,3.139485221242203639e-01,-3.247929623792753517e-01,5.088459505742158884e-01,3.950054594333595848e+00,3.798378865581720110e+00,1.306355467284920913e+00,2.886271877009773390e-01,-3.210995179793140752e-01,5.096131923677803544e-01,3.987629216538347787e+00,3.817785669524636827e+00,1.356704224494768685e+00,2.667222461390072463e-01,-3.168008521394499732e-01,4.971232054427111580e-01,4.023381905367605427e+00,3.837143188300820462e+00,1.405365757254279702e+00,2.485272771163427319e-01,-3.122653141375558161e-01,4.760077925206960270e-01,4.057502309216022951e+00,3.856626162248505629e+00,1.451683111216646838e+00,2.341129397297100068e-01,-3.079320795863800253e-01,4.503371498042766929e-01,4.090188532549363210e+00,3.876412740955002878e+00,1.495378047454081871e+00,2.233662317238246375e-01,-3.042520075855180695e-01,4.236208398319316060e-01,4.121642153514052609e+00,3.896683230725961788e+00,1.536495727576189685e+00,2.160295836015815318e-01,-3.016536587640312739e-01,3.988240345574417534e-01,4.152064829896747078e+00,3.917617884929388339e+00,1.575351291965773726e+00,2.117341578431977400e-01,-3.005286461434718004e-01,3.783876530088274848e-01,4.181656102463268354e+00,3.939394150156700913e+00,1.612478389712916904e+00,2.100240295003604207e-01,-3.012299977598801859e-01,3.642462855771286256e-01,4.210612036158394744e+00,3.962183594522088459e+00,1.648578921475884584e+00,2.103701585917746308e-01,-3.040774068086192772e-01,3.578340692295217118e-01,-9.168838481616876646e-01,1.097582418338448162e+00,-6.766673521639568955e-04,-1.969037799716345793e-01,9.011176050493397982e-01,-3.143481077917440469e-01,4.952087863902838727e-01,6.213946929970197708e-01,-5.308599259903483691e-01,1.153578232702560546e+00,2.595021485514371062e-01,-6.584707310666710889e-01,1.774449259101359422e+00,-1.817558031572178989e-01,-7.059975857005391653e-01,2.355752678622945684e+00,-6.992986492623771699e-01,-6.828154575299996143e-01,2.896363042400189158e+00,-1.290981030467710511e+00,-5.988729120140141582e-01,3.395205832552148362e+00,-1.956571787217612046e+00,-4.646665224751161949e-01,3.850320589153058748e+00,-2.698511548306568031e+00,-2.913597812058636993e-01
3.955054585910150244e+00,3.807039127672929624e+00,1.306355461392450401e+00,2.886271914199650679e-01,-3.210995194325712010e-01,5.096131913797392610e-01,3.992560779689131589e+00,3.826325793357378213e+00,1.357078095751897751e+00,2.639550009509781248e-01,-3.160972791706785356e-01,5.044838635592945320e-01,4.028106313733199606e+00,3.845320867376783358e+00,1.406653381552567028e+00,2.428925900484495970e-01,-3.106480155101585261e-01,4.868451763774804819e-01,4.061876119530926310e+00,3.864198143979272526e+00,1.454061764111867827e+00,2.256588110356565757e-01,-3.051546284275893917e-01,4.612780835856501449e-01,4.094067620296375942e+00,3.883135531670769858e+00,1.498712030597793676e+00,2.122583120502522236e-01,-3.000641498286926168e-01,4.317723368594579281e-01,4.124884555744891657e+00,3.902314573389228602e+00,1.540383167279205434e+00,2.025263467766548753e-01,-2.958162368378962070e-01,4.017488975767379289e-01,4.154532797099186325e+00,3.921918767373791859e+00,1.579169144712393447e+00,1.961699803525482899e-01,-2.928163178147902834e-01,3.740940444592399383e-01,4.183217719691296743e+00,3.942131213407211732e+00,1.615427224839183662e+00,1.928009125946119895e-01,-2.914268501989644711e-01,3.511942656767682580e-01,4.211142657223464703e+00,3.963131912405358559e+00,1.649729465562513209e+00,1.919574338199046826e-01,-2.919702000420871246e-01,3.349644212486191930e-01,4.238508036292652825e+00,3.985094860245963488e+00,1.682816365068278808e+00,1.931151230600453295e-01,-2.947372134846054093e-01,3.268619612556643017e-01,-8.828481702023864841e-01,1.236251155251698375e+00,-9.327057593080124998e-02,-1.825512893781613410e-01,1.001733562809357991e+00,-3.982975849137501134e-01,4.847192928916593258e-01,6.844787038222871489e-01,-6.066484513848476867e-01,1.114109514180499971e+00,2.869481572194353403e-01,-7.270034412893663367e-01,1.703119057892806376e+00,-1.869840376775351032e-01,-7.682728227284956191e-01,2.250988525697485976e+00,-7.334394019490504402e-01,-7.396195798518501174e-01,2.757862963968618519e+00,-1.349687717593142544e+00,-6.504874036125241066e-01,3.223836652131674807e+00,-2.035069302648100376e+00,-5.106359544456046118e-01,3.647977979531078940e+00,-2.791670093377533135e+00,-3.302585543175237115e-01
3.997560773260792732e+00,3.834986055657883419e+00,1.357078090439434614e+00,2.639550040645032847e-01,-3.160972794363495764e-01,5.044838630842392035e-01,4.033038216257207154e+00,3.853858999517776773e+00,1.407023765075105404e+00,2.401346120610878820e-01,-3.098187560614310554e-01,4.941387738455806922e-01,4.066602395279919513e+00,3.872368632425321699e+00,1.455338325065111071e+00,2.200766886357789776e-01,-3.032828563974038216e-01,4.720341955957621516e-01,4.098446183433229528e+00,3.890693613614495394e+00,1.501072851093838256e+00,2.039267051927767249e-01,-2.969114878054439632e-01,4.426621137992340360e-01,4.128772198632110424e+00,3.909017088733328649e+00,1.543696949575684929e+00,1.916289456059776797e-01,-2.911474203856307397e-01,4.099064712733460070e-01,4.157787464650008147e+00,3.927525611458013710e+00,1.583039939230048265e+00,1.829751387662808260e-01,-2.864106852471680065e-01,3.770853693063133116e-01,4.185700073398219700e+00,3.946407218426752461e+00,1.619236758588645353e+00,1.776464075866789616e-01,-2.830784821898883474e-01,3.470012851634413642e-01,4.212717302138755393e+00,3.965849089272889039e+00,1.652678760987476236e+00,1.752445895733550918e-01,-2.814816481761619471e-01,3.219872555856634899e-01,4.239044655700615394e+00,3.986035014311338109e+00,1.683968704655953497e+00,1.753113783041679030e-01,-2.819112738106192562e-01,3.039437758014437163e-01,4.264885418767926595e+00,4.007142724263682787e+00,1.713878606616893618e+00,1.773355101797705058e-01,-2.846299886027434667e-01,2.943588177716088827e-01,-8.679495997761970116e-01,1.377734401286110133e+00,-1.779280490507226253e-01,-1.866851672556926467e-01,1.107848549840636521e+00,-4.737747001823888748e-01,4.572163075714648084e-01,7.564424519190081631e-01,-6.741226286752204366e-01,1.060035674784852278e+00,3.271415331774363278e-01,-7.878858819160878824e-01,1.620547379146648037e+00,-1.753110385340493904e-01,-8.238928359013059088e-01,2.139289147663826274e+00,-7.464109149720776770e-01,-7.909318180397271192e-01,2.617632152535458889e+00,-1.382990744922099280e+00,-6.978438907178737827e-01,3.056781756679698425e+00,-2.084057593285821852e+00,-5.535740867553701205e-01,3.456777638209999726e+00,-2.851431910133868985e+00,-3.673279721399149711e-01
4.038038211794333421e+00,3.862519261595703579e+00,1.407023760758127073e+00,2.401346147625287863e-01,-3.098187556741886506e-01,4.941387736199491787e-01,4.071534691308028364e+00,3.880904925494638835e+00,1.455700974411459070e+00,2.173369191306147308e-01,-3.023297362405207855e-01,4.791774165785786521e-01,4.103174490595683288e+00,3.898857552793697945e+00,1.502323849852699844e+00,1.984147186824915254e-01,-2.947927815497130566e-01,4.532160115798202771e-01,4.133155781631616676e+00,3.916562663229492092e+00,1.546013378845279673e+00,1.834432159892530056e-01,-2.876358717059391834e-01,4.206249530109256174e-01,4.161683963131078023e+00,3.934210096947735824e+00,1.586296604463673710e+00,1.723128436784368278e-01,-2.812881100476264939e-01,3.851616270388169005e-01,4.188967244284238056e+00,3.951992530160487682e+00,1.623048225734808669e+00,1.647800851748022488e-01,-2.761439426553585763e-01,3.500304020109897274e-01,4.215214148019826190e+00,3.970103477904669109e+00,1.656438416654133272e+00,1.605088866626610822e-01,-2.725492411651243008e-01,3.179450281111010912e-01,4.240632313391946795e+00,3.988735097754217307e+00,1.686886650325698733e+00,1.590996785842717365e-01,-2.708022517380880290e-01,2.911850859404964131e-01,4.265428044621488723e+00,4.008075909038421258e+00,1.715020522249922852e+00,1.601053277473510894e-01,-2.711631942265286255e-01,2.716388032977090639e-01,4.289806200462057184e+00,4.028308402607838623e+00,1.741637959848070016e+00,1.630347408765268347e-01,-2.738676933625460719e-01,2.608276471168666233e-01,-8.695956860461889759e-01,1.523182179768610256e+00,-2.565696337353426393e-01,-2.063214599301763930e-01,1.220464850820420777e+00,-5.423725016755669426e-01,4.161159808831502716e-01,8.379696508139646838e-01,-7.344335061286819677e-01,9.951926855392543292e-01,3.802947697812435468e-01,-8.417314269584228459e-01,1.530954593060154689e+00,-1.471219314648303245e-01,-8.728615796937470028e-01,2.025181721330092888e+00,-7.393075965959127194e-01,-8.361581632324285307e-01,2.480391487946876694e+00,-1.392773905206328156e+00,-7.397788319442727412e-01,2.898816865874964233e+00,-2.106277542859279706e+00,-5.918303582054993406e-01,3.281390231661922563e+00,-2.881436218997458720e+00,-4.005314987201008536e-01
4.076534688701329401e+00,3.889565186993076740e+00,1.455700971271311817e+00,2.173369215342421112e-01,-3.023297355910836148e-01,4.791774165219813142e-01,4.108107278335936030e+00,3.907392305489810536e+00,1.502675102332260204e+00,1.957038517604757222e-01,-2.937204318498937705e-01,4.601369704262365801e-01,4.137886412299574879e+00,3.924721202340814674e+00,1.547226392865809208e+00,1.780200736053311472e-01,-2.852828741988642780e-01,4.308739204709517434e-01,4.166073033238981260e+00,3.941745500015882087e+00,1.588546072886715121e+00,1.642951612540231587e-01,-2.774404411311061081e-01,3.956085896359378684e-01,4.192873134681831537e+00,3.958662555160624930e+00,1.626216627373548107e+00,1.543729075497098646e-01,-2.706013643160257720e-01,3.579536208640911044e-01,4.218494289047756141e+00,3.975671761549257166e+00,1.660154727271011321e+00,1.479827747783732106e-01,-2.651304382114587632e-01,3.209893280963244666e-01,4.243143942091974097e+00,3.992972630793129252e+00,1.690561658386871446e+00,1.447796616865281716e-01,-2.613406099370522706e-01,2.873365464010688153e-01,4.267028813448590085e+00,4.010762839791878420e+00,1.717880571779043519e+00,1.443700798921798978e-01,-2.594975695022140316e-01,2.592190943053577779e-01,4.290354861771327855e+00,4.029236256572608532e+00,1.742759276282634273e+00,1.463246740495891540e-01,-2.598317393984508894e-01,2.385115193140031342e-01,4.313327431132078615e+00,4.048580850776033913e+00,1.766016819960568807e+00,1.501783359493816805e-01,-2.625531992930553171e-01,2.267668614839401242e-01,-8.842180110735182730e-01,1.672829828418375131e+00,-3.304815056275491880e-01,-2.378649840833444162e-01,1.339643003156295586e+00,-6.050201995006662115e-01,3.650701475255440087e-01,9.288393780971722080e-01,-7.880799805681201198e-01,9.232805448782197555e-01,4.458181716894424329e-01,-8.885720526479524706e-01,1.438040851236397577e+00,-1.034479912477067470e-01,-9.147536597646701573e-01,1.912287257699758714e+00,-7.136442450274542715e-01,-8.744096674231898181e-01,2.349591040123071739e+00,-1.381051235688050660e+00,-7.750062591353050756e-01,2.753104455928914618e+00,-2.104259742040727854e+00,-6.238137044774975104e-01,3.124559676308088285e+00,-2.884707793385544061e+00,-4.280942339457127765e-01
4.113107277414886909e+00,3.916052566141193125e+00,1.502675100369414984e+00,1.957038539323172344e-01,-2.937204312069137124e-01,4.601369705616282779e-01,4.142819794879906148e+00,3.933254803669669286e+00,1.547563366926985928e+00,1.753490529612243831e-01,-2.840982455142655461e-01,4.375160346591404070e-01,4.170806274151714454e+00,3.949900092895552550e+00,1.589711338158802612e+00,1.589784028613152600e-01,-2.748697884564593186e-01,4.054719531063637472e-01,4.197268113645582055e+00,3.966190672469263934e+00,1.628381389017170999e+00,1.465418958117458981e-01,-2.664450821140679770e-01,3.680500196052145512e-01,4.222410002869863455e+00,3.982331642267251670e+00,1.663210363380675849e+00,1.378444444234183386e-01,-2.592061523349098451e-01,3.287030408772121937e-01,4.246437359906390263e+00,3.998529229297496990e+00,1.694154619529745665e+00,1.325965683138220219e-01,-2.534855857267357959e-01,2.903781036103160740e-01,4.269555327853386650e+00,4.014989068088524071e+00,1.721443524833210947e+00,1.304516956439345787e-01,-2.495628779690040322e-01,2.555972003946281879e-01,4.291968673687896363e+00,4.031914559762626027e+00,1.745540411720898577e+00,1.310290207633504622e-01,-2.476719771333092401e-01,2.265248511232748618e-01,4.313882075681949146e+00,4.049505231813615325e+00,1.767109451176320567e+00,1.339225758702853875e-01,-2.480149338723905694e-01,2.050182967301100168e-01,4.335500450880450884e+00,4.067954950711193618e+00,1.786986513948010113e+00,1.386979697577552795e-01,-2.507779036533896444e-01,1.926568267428937220e-01,-9.080169826065844774e-01,1.826163215901533965e+00,-4.001679680391923011e-01,-2.776960695488337461e-01,1.464718933962942060e+00,-6.619777168304982196e-01,3.075334882787785218e-01,1.028178503765375451e+00,-8.350337803321836727e-01,8.475629467513002835e-01,5.225756164524855141e-01,-9.280489327793736143e-01,1.344824230340167182e+00,-4.571260209803662544e-02,-9.488771154946225028e-01,1.803314841062409801e+00,-6.711362822665868366e-01,-9.047260588605372522e-01,2.227535553860805262e+00,-1.349827659639607713e+00,-8.023385763479308208e-01,2.621448217841731765e+00,-2.080242245790784317e+00,-6.481654572418777960e-01,2.987468415227954921e+00,-2.863675012578004608e+00,-4.485665126967591232e-01
4.147819795425950140e+00,3.941915063298252697e+00,1.547563366014833575e+00,1.753490549345611549e-01,-2.840982450428399808e-01,4.375160350474532889e-01,4.175740323208696481e+00,3.958432972889984303e+00,1.590031796380816598e+00,1.563573519016965008e-01,-2.735813313889662313e-01,4.117912109076935501e-01,4.202004129262427945e+00,3.974342899202695012e+00,1.629491331253018149e+00,1.413464547413394445e-01,-2.636758457444252635e-01,3.774652591176095862e-01,4.226811065638200304e+00,3.989855565152740091e+00,1.665276642074152269e+00,1.302139679040137110e-01,-2.547714559320487515e-01,3.383872132153882273e-01,4.250362958418838488e+00,4.005183529929250419e+00,1.697078371430090327e+00,1.227340782943804331e-01,-2.472201493099862313e-01,2.978367745468596395e-01,4.272861875053333591e+00,4.020539567595303510e+00,1.724890960200792467e+00,1.186062583919675756e-01,-2.413210071750252483e-01,2.586199444297813121e-01,4.294509714671994161e+00,4.036135230730815593e+00,1.748969577741691594e+00,1.174893569778881902e-01,-2.373204346073065629e-01,2.231540573368691327e-01,4.315508495451338966e+00,4.052179554657604044e+00,1.769794892501419303e+00,1.190209794178173769e-01,-2.354219326050321637e-01,1.935387165004225640e-01,4.336060873623973855e+00,4.068877754997834550e+00,1.788043977994807632e+00,1.228231638882042315e-01,-2.358008533557295894e-01,1.716071250502471668e-01,4.356370588254259602e+00,4.086429729463081806e+00,1.804565372444603799e+00,1.284959931112746589e-01,-2.386210966834519664e-01,1.589576188400995127e-01,-9.374738904002449802e-01,1.982165581555544343e+00,-4.655318388558292164e-01,-3.225688107095988633e-01,1.594568765312929237e+00,-7.130056613729730541e-01,2.464706889103296106e-01,1.134712041264058779e+00,-8.748738927800562282e-01,7.706933691605530878e-01,6.091313400213540508e-01,-9.595569325329876831e-01,1.253600152232505094e+00,2.447635735953646030e-02,-9.744395341239318054e-01,1.700115572477630455e+00,-6.135527270939680200e-01,-9.261426947884007221e-01,2.115542689745308014e+00,-1.300992358241005453e+00,-8.207013389918154100e-01,2.504522927527359499e+00,-2.036195915669217982e+00,-6.637824959986156070e-01,2.870038675011163498e+00,-2.820323377326268588e+00,-4.608539746166378515e-01
4.180740324970086519e+00,3.967093231407738507e+00,1.590031796315432455e+00,1.563573536878517523e-01,-2.735813311699631378e-01,4.117912116052864224e-01,4.206938877926722498e+00,3.982875487854619312e+00,1.629793757183233494e+00,1.387838777380347166e-01,-2.622930765753134774e-01,3.834317466411770736e-01,4.231549876797956244e+00,3.998006987127841416e+00,1.666326097060604639e+00,1.251511060391619079e-01,-2.518241730705159109e-01,3.473113231671690615e-01,4.254769996668815502e+00,4.012706284206368323e+00,1.699036688830690922e+00,1.153124035235938288e-01,-2.425385425620583957e-01,3.070652582566973376e-01,4.276797005254159068e+00,4.027192716694785624e+00,1.727669503673874063e+00,1.090195736877947602e-01,-2.347557266791077957e-01,2.657898308861156300e-01,4.297828747191990928e+00,4.041685006487982790e+00,1.752255742398020066e+00,1.059685307302836721e-01,-2.287410052502386326e-01,2.261430041506933275e-01,4.318063206804511722e+00,4.056400156322244932e+00,1.773074460420837051e+00,1.058297779528839938e-01,-2.247087434197816425e-01,1.904323773942692699e-01,4.337699076194843961e+00,4.071552506056991483e+00,1.790621181099464776e+00,1.082641644504922090e-01,-2.228336586436673872e-01,1.606863102912451380e-01,4.356936425867695917e+00,4.087352748544622827e+00,1.805582730563541682e+00,1.129253249129718306e-01,-2.232662820007365601e-01,1.387068585513277497e-01,4.375977210641456061e+00,4.104006694850641068e+00,1.818816285471959171e+00,1.194505610809241669e-01,-2.261498402281241771e-01,1.261009265746667052e-01,-9.696595776948616630e-01,2.139510759068884660e+00,-5.259292672688697934e-01,-3.698319227633982131e-01,1.727825559640362885e+00,-7.574712248731458875e-01,1.842342316427625915e-01,1.246999752848623855e+00,-9.069468787206225180e-01,6.946775698251932418e-01,7.039411626301856906e-01,-9.823937219040844715e-01,1.165946224197413228e+00,1.054767534876540069e-01,-9.906981123996356775e-01,1.603766905041009050e+00,-5.426103808431371744e-01,-9.378733213650639611e-01,2.014096245030668975e+00,-1.236293428316830978e+00,-8.292878076934009357e-01,2.402107938246257568e+00,-1.973852490194576648e+00,-6.698403385518992836e-01,2.771233225181869209e+00,-2.756295769099632142e+00,-4.641859033743342411e-01
4.211938880630929916e+00,3.991535745252425826e+00,1.629793757726230252e+00,1.387838793343080246e-01,-2.622930766178515616e-01,3.834317476753493215e-01,4.236485307758003138e+00,4.006539683249159545e+00,1.666609508751212942e+00,1.226534638234490493e-01,-2.503569646772390023e-01,3.529055443236231437e-01,4.259511449772105607e+00,4.020858334471967055e+00,1.700022239590921913e+00,1.103893322792111747e-01,-2.394339976730504305e-01,3.154689383478718745e-01,4.281209586775078790e+00,4.034717056520004341e+00,1.729513415766917861e+00,1.018093875182779912e-01,-2.298585033134103173e-01,2.745311803236381021e-01,4.301772603310810794e+00,4.048341007358419397e+00,1.754879756352101694e+00,9.665126417987504603e-02,-2.219163769234891725e-01,2.329977823576849794e-01,4.321393557349625603e+00,4.061954040063979754e+00,1.776188030368370585e+00,9.461426116673310460e-02,-2.158396486578687268e-01,1.933735963708038408e-01,4.340266093345807263e+00,4.075777947971755744e+00,1.793739471764659088e+00,9.538591731117404549e-02,-2.118122000220965806e-01,1.578511080061878458e-01,4.358585197191648497e+00,4.090031855849367126e+00,1.808042196738191887e+00,9.865419483020781977e-02,-2.099819798359137679e-01,1.283816293820696786e-01,4.376547945955613805e+00,4.104931522292479151e+00,1.819789735240465278e+00,1.041069630847019922e-01,-2.104765562951967928e-01,1.067261041911258673e-01,4.394354030408210932e+00,4.120688335455649387e+00,1.829843803537657632e+00,1.114204999174258637e-01,-2.134200929900040011e-01,9.448895375953329789e-02,-1.002383935059937281e+00,2.296813465204310845e+00,-5.804213095017030088e-01,-4.175245150109600512e-01,1.863082225756987009e+00,-7.945744580151296033e-01,1.225181208811196992e-01,1.363583876264823358e+00,-9.305255506370048169e-01,6.208691837049992168e-01,8.054878988812318452e-01,-9.958730543595426532e-01,1.082797312951264468e+00,1.957230004516087030e-01,-9.969849372644374874e-01,1.514682614700856522e+00,-4.599042761589942074e-01,-9.392892930470260193e-01,1.922984435819824034e+00,-1.157341514044712305e+00,-8.274947279691992064e-01,2.313266472511485095e+00,-1.894784101358728545e+00,-6.658283383132965749e-01,2.689271881310627332e+00,-2.673095529016244143e+00,-4.581416968270252132e-01
4.241485311130779756e+00,4.015199939583300015e+00,1.666609509663995237e+00,1.226534652219832544e-01,-2.503569649419746246e-01,3.529055456788537382e-01,4.264447502317866956e+00,4.029391486111384424e+00,1.700286229431379192e+00,1.079608364556503969e-01,-2.378922264510573703e-01,3.206826348513098224e-01,4.285953379941910946e+00,4.042870971612025244e+00,1.730433507288034800e+00,9.702910129407421591e-02,-2.266170259689092858e-01,2.823995390686547258e-01,4.306190021968602011e+00,4.055869286521702755e+00,1.756606030861422640e+00,8.964972278559878160e-02,-2.168336989056752206e-01,2.412331355559267920e-01,4.325344951472238186e+00,4.068616284104447089e+00,1.778652377113656202e+00,8.555405762111049917e-02,-2.087943566041650378e-01,1.998938643969097873e-01,4.343606153839968620e+00,4.081340001656973193e+00,1.796673622051690122e+00,8.445101989114313368e-02,-2.026990735342104333e-01,1.607301788905191875e-01,4.361162728504907271e+00,4.094266240241689836e+00,1.810991567830330551e+00,8.604964204840993836e-02,-1.987032366250916782e-01,1.258156441686984206e-01,4.378205744837841529e+00,4.107618253578290357e+00,1.822124762056497538e+00,9.006787553995465601e-02,-1.969301403254518079e-01,9.701725046592628299e-02,4.394929016806262467e+00,4.121616296403928459e+00,1.830770525820162975e+00,9.622943751490849185e-02,-1.974864066293874343e-01,7.604703552530471533e-02,4.411529611055820865e+00,4.136476815007294583e+00,1.837791205097452529e+00,1.042503242059603930e-01,-2.004786908410178814e-01,6.449479231174023997e-02,-1.034213261771510739e+00,2.452772122632197682e+00,-6.278774193798826175e-01,-4.643689219394642187e-01,1.999029944657393143e+00,-8.234471224822941249e-01,6.237537691790244476e-02,1.483121793595096438e+00,-9.449092270314288777e-01,5.500225066410563413e-01,9.123794380368414059e-01,-9.994230135690703731e-01,1.004515156343721793e+00,2.937587963899555010e-01,-9.928319398678244756e-01,1.432726711428965904e+00,-3.669458575760057295e-01,-9.299905883983033972e-01,1.841461606955535180e+00,-1.065673212011676085e+00,-8.150252033989002776e-01,2.236527071325539850e+00,-1.800539702878518167e+00,-6.514797125573879022e-01,2.621845314715903541e+00,-2.572256418747669304e+00,-4.424916769455224386e-01
4.269447506096901712e+00,4.038051741489423030e+00,1.700286230499582052e+00,1.079608376504894995e-01,-2.378922268670902729e-01,3.206826364677626828e-01,4.290889970113963336e+00,4.051404864907146575e+00,1.730678013145788396e+00,9.467172682095413572e-02,-2.250104619970297593e-01,2.872311829292116814e-01,4.310935781765068420e+00,4.064026073090585278e+00,1.757460253538896122e+00,8.501131339914572149e-02,-2.134749642344509202e-01,2.485604739237238514e-01,4.329766380846313822e+00,4.076150403918279430e+00,1.780259756043001129e+00,7.875353298053772155e-02,-2.035549763795768130e-01,2.076117535149451521e-01,4.347563747242086052e+00,4.088011208729707135e+00,1.798975714949069937e+00,7.563073006566603529e-02,-1.954696764913754492e-01,1.669007340011957052e-01,4.364510737021303655e+00,4.099839700004658027e+00,1.813742229228036518e+00,7.536678669393703789e-02,-1.893890356773389738e-01,1.286181333558169548e-01,4.380791870165213098e+00,4.111864829789436016e+00,1.824900106503257957e+00,7.769570853621333983e-02,-1.854421760209742920e-01,9.471428249500558894e-02,4.396594220154289800e+00,4.124313228685311472e+00,1.832976285118611992e+00,8.236732753430663079e-02,-1.837300090976197453e-01,6.696655013478841623e-02,4.412108172020963615e+00,4.137408955216084649e+00,1.838669084835056644e+00,8.914185545911479380e-02,-1.843401794801964588e-01,4.702831852532809997e-02,4.427527891104253932e+00,4.151372845566475789e+00,1.842837572732355156e+00,9.777486208403327050e-02,-1.873633142158406817e-01,3.646217967316880970e-02,-1.064425018070592088e+00,2.606160637724183271e+00,-6.672280771958088996e-01,-5.097189958661931808e-01,2.134483876688856974e+00,-8.432804855532329835e-01,4.298597832928147816e-03,1.604421880847018977e+00,-9.495274193127645201e-01,4.823755163402119184e-01,1.023387798085235723e+00,-9.926197649357888508e-01,9.309793604160904179e-01,3.983131262947824935e-01,-9.779230686482789370e-01,1.357308369993823094e+00,-2.650489827109743235e-01,-9.097834193352661858e-01,1.768357021061418566e+00,-9.626383765863540942e-01,-7.917442642622439797e-01,2.170028037589576630e+00,-1.692501799729700496e+00,-6.267548299717635718e-01,2.566295828320295680e+00,-2.455182223159337873e+00,-4.172809584750535317e-01
4.295889974063117123e+00,4.060065119469063788e+00,1.730678014196420644e+00,9.467172781040270046e-02,-2.250104624730751290e-01,2.872311847231218684e-01,4.315872786187201271e+00,4.072560919067483631e+00,1.757685423198692698e+00,8.272484222740839055e-02,-2.118124912872489662e-01,2.530126077864799927e-01,4.334513609337674822e+00,4.084310795077187528e+00,1.781048418647098730e+00,7.425246382997031935e-02,-2.000968325646040324e-01,2.143984213472468758e-01,4.351988147517992012e+00,4.095552540340623437e+00,1.800464287774870442e+00,6.901938069962400280e-02,-1.900997276170291739e-01,1.740962300413171349e-01,4.368472911198534980e+00,4.106521813607508342e+00,1.815881360049164561e+00,6.676534344690120137e-02,-1.820089337098228788e-01,1.344279066887469620e-01,4.384145756915886594e+00,4.117451987333183183e+00,1.827465333176544027e+00,6.723356530363526484e-02,-1.759665700774648567e-01,9.742660181168039113e-02,4.399186731396365957e+00,4.128574278193511304e+00,1.835574491467412139e+00,7.018554821735777105e-02,-1.720779286512597317e-01,6.491709939118837924e-02,4.413778941398780020e+00,4.140117885478246329e+00,1.840742190375791232e+00,7.540397069568061106e-02,-1.704238107361839560e-01,3.858054126187138166e-02,4.428109265375421266e+00,4.152309896307459169e+00,1.843665012735218767e+00,8.268532809817034923e-02,-1.710748397818201705e-01,2.000300590557756511e-02,4.442368770669954614e+00,4.165374762224212546e+00,1.845194993491669821e+00,9.182378111042871494e-02,-1.741071196176085800e-01,1.070818680728477350e-02,-1.092940283831523640e+00,2.756115213650504270e+00,-6.975322962089424150e-01,-5.534801278636077848e-01,2.268552873892473176e+00,-8.534152600492955765e-01,-5.170326176119199868e-02,1.726522064129367706e+00,-9.439057822799269415e-01,4.177407398740073941e-01,1.137453270310512465e+00,-9.751824538478481852e-01,8.616819821822031544e-01,5.082100979847024025e-01,-9.521372007532481474e-01,1.287492384605552820e+00,-1.555158727818975462e-01,-8.786465464554004123e-01,1.702200715781832852e+00,-8.496833761593626244e-01,-7.577533576319763764e-01,2.111662085093097829e+00,-1.572269852404561075e+00,-5.918296602525138228e-01,2.519779398117423241e+00,-2.323657884919142713e+00,-3.827141539840653306e-01
4.320872790107763706e+00,4.081221172972750999e+00,1.757685424104883820e+00,8.272484302139222756e-02,-2.118124917386606798e-01,2.530126096444559325e-01,4.339450900231360819e+00,4.092846736228817228e+00,1.781254611940356503e+00,7.203472877009842179e-02,-1.983868049737521622e-01,2.184777347301940231e-01,4.356736340234237836e+00,4.103717019565650048e+00,1.801188321063229347e+00,6.464796724357775581e-02,-1.865586585871176484e-01,1.803466124335060261e-01,4.372899242382426443e+00,4.114071242437347564e+00,1.817252173997494058e+00,6.032782962778334562e-02,-1.765323471288317847e-01,1.410987847045791221e-01,4.388110911117472313e+00,4.124146237781337376e+00,1.829441959165961418e+00,5.882691941912165240e-02,-1.684663223962819256e-01,1.028660195964621743e-01,4.402544467325693489e+00,4.134176557217205783e+00,1.837953505407941890e+00,5.991117549690688771e-02,-1.624773251782582195e-01,6.752427924441233020e-02,4.416375687041854015e+00,4.144394801538683559e+00,1.843161064979745412e+00,6.337118664792265599e-02,-1.586493545464349453e-01,3.677156362445420379e-02,4.429783817117193045e+00,4.155031907590157836e+00,1.845602620879347677e+00,6.902256828585903725e-02,-1.570453973036967377e-01,1.218839884086406027e-02,4.442952217902236711e+00,4.166317167161937007e+00,1.845970547589431687e+00,7.669710557284753483e-02,-1.577209555017913545e-01,-4.715409891095158866e-03,4.456068710747947748e+00,4.178477801116749824e+00,1.845106026687389766e+00,8.622592366459257140e-02,-1.607388888796167925e-01,-1.247225309138171902e-02,-1.120173331594587429e+00,2.901946014909982274e+00,-7.180031456423284775e-01,-5.959960320611678020e-01,2.400517636831498436e+00,-8.533554046010566330e-01,-1.060117066585695017e-01,1.848625313997839914e+00,-9.277751422808057091e-01,3.555809366277810080e-01,1.253659023065463840e+00,-9.470041756148427359e-01,7.958210984921768594e-01,6.223894476032010292e-01,-9.155224997857654978e-01,1.222101366779250853e+00,-3.957842252847443981e-02,-8.367438538786043933e-01,1.641335087706293550e+00,-7.282300336036109378e-01,-7.132550713855978497e-01,2.059200396005348654e+00,-1.441487484748503300e+00,-5.469419760565427113e-01,2.479414387282253607e+00,-2.179588482463727050e+00,-3.393388788877877427e-01
4.344450903968073874e+00,4.101506989639382539e+00,1.781254612622912292e+00,7.203472938708474493e-02,-1.983868053283276145e-01,2.184777365363165524e-01,4.361673782457226700e+00,4.112254130026918197e+00,1.801375883789619881e+00,6.249510506986689917e-02,-1.848085600339922363e-01,1.840594765133618527e-01,4.377647882025669901e+00,4.122240047410511643e+00,1.817912453278199836e+00,5.607579573059455480e-02,-1.729230656982934100e-01,1.468167546934792400e-01,4.392538127081462740e+00,4.131704176356363334e+00,1.830695896791514787e+00,5.254525122882348215e-02,-1.629044692012553419e-01,1.090084088148399188e-01,4.406511013468999316e+00,4.140883486645189571e+00,1.839767727496806948e+00,5.167335144062747826e-02,-1.548843873260506154e-01,7.258161839551621752e-02,4.419735282791387831e+00,4.150012794945056704e+00,1.845352613938657793e+00,5.325119329129410217e-02,-1.489568561744122888e-01,3.925846127391850737e-02,4.432382708840147956e+00,4.159325238855564599e+00,1.847839538381379487e+00,5.709910360397661006e-02,-1.451870287558738870e-01,1.060792143943352014e-02,4.444628831252522616e+00,4.169052665509105360e+00,1.847769448057898778e+00,6.306504585627080439e-02,-1.436223080915706996e-01,-1.189463450374078808e-02,4.456653507256189251e+00,4.179425729234572451e+00,1.845827833029821452e+00,7.101453363577503453e-02,-1.443046524918447648e-01,-2.683001889442672080e-02,4.468641199239915984e+00,4.190673544487538926e+00,1.842841437742668509e+00,8.081344981398530525e-02,-1.472849235278123614e-01,-3.280381398980988100e-02,-1.146932026679482242e+00,3.043204415109574956e+00,-7.281410724249398614e-01,-6.379601429303478621e-01,2.529855746590614629e+00,-8.428217310484124036e-01,-1.593119934431150575e-01,1.970077116557549468e+00,-9.010467630686765927e-01,2.951031776680965724e-01,1.371189936447382074e+00,-9.081400046946863647e-01,7.323923046502687217e-01,7.398427681997015171e-01,-8.681889792560605335e-01,1.159802629568921661e+00,8.154209166755820026e-02,-7.842516140349452547e-01,1.584019643371556541e+00,-5.997544383049592254e-01,-6.585270535005088854e-01,2.010412719867704645e+00,-1.301908529761034439e+00,-4.932731927422486229e-01,2.442414592062930101e+00,-2.025058757066448223e+00,-2.890402314746358114e-01
4.366673785898811389e+00,4.120914383096910605e+00,1.801375884212160328e+00,6.249510553572368982e-02,-1.848085602411939921e-01,1.840594781600054797e-01,4.382585352056715067e+00,4.130778340852800490e+00,1.818081830085829464e+00,5.398246627074595322e-02,-1.711397265353258035e-01,1.501714905237433173e-01,4.397286746385129952e+00,4.139877332514297237e+00,1.831293665398008308e+00,4.840019022706218421e-02,-1.592402919464641353e-01,1.142012773477669718e-01,4.410938176078847306e+00,4.148449944914438525e+00,1.840906473340697902e+00,4.552741598010513757e-02,-1.492565701811417733e-01,7.819690765734994831e-02,4.423701802687149076e+00,4.156732360383145419e+00,1.847005825282111102e+00,4.515477124284639210e-02,-1.412960191299108825e-01,4.392658102977624324e-02,4.435742388311892270e+00,4.164958825995926261e+00,1.849843935964579966e+00,4.710003549758021157e-02,-1.354325892501617445e-01,1.296033561715565462e-02,4.447228000192807507e+00,4.173362225767068168e+00,1.849823240785785083e+00,5.121338252648489908e-02,-1.317150848762327908e-01,-1.326121777151663579e-02,4.458330634461448838e+00,4.182174526239506918e+00,1.847485824167296009e+00,5.737390222764342934e-02,-1.301770848158253779e-01,-3.337791737801146241e-02,4.469226695852235309e+00,4.191626926821802712e+00,1.843508340361997400e+00,6.547869046799048576e-02,-1.308486915964655606e-01,-4.607276484918911702e-02,4.480097187396058445e+00,4.201949566490366550e+00,1.838699113723269551e+00,7.542579386199195490e-02,-1.337704545510433607e-01,-5.002951185635213377e-02,-1.174311023629813988e+00,3.179595873728426003e+00,-7.276038693924975487e-01,-6.802874143922963412e-01,2.656165621200214932e+00,-8.216726447354939511e-01,-2.124902709512357935e-01,2.090331707691359675e+00,-8.637152132902706780e-01,2.353517248542724982e-01,1.489307165153845647e+00,-8.587121905794372623e-01,6.702528524621433892e-01,8.596015437095591016e-01,-8.104137517296847726e-01,1.099214461947175980e+00,2.065900224460583967e-01,-7.215668754196796764e-01,1.528532224526431005e+00,-4.657865991268046457e-01,-5.951167884395716090e-01,1.963177112678538005e+00,-1.155421819868730049e+00,-4.322914732493096657e-01,2.406194346767624559e+00,-1.862416557069186407e+00,-2.319394867101267077e-01
4.387585355134642207e+00,4.139438593718318238e+00,1.818081830246764508e+00,5.398246661484068509e-02,-1.711397265713422156e-01,1.501714919233882450e-01,4.402224129260500440e+00,4.148416770591746072e+00,1.831445318758329277e+00,4.635991710264381060e-02,-1.574297435786055910e-01,1.172065664732795942e-01,4.415686348293789365e+00,4.156627289912626644e+00,1.841443008046668828e+00,4.147528750117056295e-02,-1.455492563630009784e-01,8.287196107033194259e-02,4.428128064715215473e+00,4.164306986710617942e+00,1.848031039609529635e+00,3.912307894722086982e-02,-1.356193295973088520e-01,4.901506320478711543e-02,4.439707611826434253e+00,4.171690463574388552e+00,1.851337425783458945e+00,3.911717637748439447e-02,-1.277259817488621829e-01,1.723162528227953696e-02,4.450586184579527149e+00,4.179010665699822269e+00,1.851640750151726467e+00,4.130286978893252942e-02,-1.219256510395904519e-01,-1.105658315079731391e-02,4.460928423687207989e+00,4.186499502645094850e+00,1.849355343044126743e+00,4.555961973525268077e-02,-1.182526783457923114e-01,-3.454435161192136866e-02,4.470902967218894908e+00,4.194388332751805670e+00,1.845023463305584199e+00,5.179594774262699652e-02,-1.167287991380499268e-01,-5.199245037803388453e-02,4.480682802393589625e+00,4.202908131016503290e+00,1.839310085738433020e+00,5.993817969398292089e-02,-1.173741905711644801e-01,-6.218814340788988287e-02,4.490445417708856191e+00,4.212289252417199314e+00,1.833002044715261736e+00,6.991352214339872917e-02,-1.202204461796441137e-01,-6.390503293884082503e-02,-1.203544854127312380e+00,3.310983237094323961e+00,-7.162316616994481855e-01,-7.240683523861822790e-01,2.779147971017617014e+00,-7.899078040127610612e-01,-2.665534394050479983e-01,2.208885491837344173e+00,-8.159316979284276794e-01,1.752859872824985565e-01,1.607271428048053341e+00,-7.989857987152156893e-01,6.082514929419374772e-01,9.806564915759632406e-01,-7.425467751898306989e-01,1.038960904596012869e+00,3.343144567134444523e-01,-6.501933522724576697e-01,1.473237962501550147e+00,-3.279386950296114822e-01,-5.241312288841443179e-01,1.915545301447796112e+00,-1.004083863951449329e+00,-3.638036685371894285e-01,2.368470449841454606e+00,-1.694198894406331091e+00,-1.677803309485069450e-01
4.407224131942225398e+00,4.157077023366769097e+00,1.831445318681740098e+00,4.635991735345933173e-02,-1.574297434392216144e-01,1.172065675582624478e-01,4.420623547946166632e+00,4.165167792740010810e+00,1.841577481658083437e+00,3.948072845755520172e-02,-1.437169267400038308e-01,8.553812538315160030e-02,4.432875434821863081e+00,4.172488209393270253e+00,1.848507945749988224e+00,3.514869872178082166e-02,-1.318793690380463401e-01,5.318291809959699301e-02,4.444132263707368580e+00,4.179272620599502552e+00,1.852251390664494179e+00,3.317746198691331333e-02,-1.220155546114403272e-01,2.179616162972270593e-02,4.454549034064186230e+00,4.185753393473794048e+00,1.852976568369071320e+00,3.340584006552058810e-02,-1.141927438208205636e-01,-7.190351724837750792e-03,4.464283748417260611e+00,4.192161540100649120e+00,1.850986690099045928e+00,3.570685440135284994e-02,-1.084519706696262797e-01,-3.250494864527073841e-02,4.473497927780886840e+00,4.198727382134400443e+00,1.846707788059809952e+00,3.998820055681164692e-02,-1.048153608500496659e-01,-5.297368474612904748e-02,4.482357010338561487e+00,4.205681027632549807e+00,1.840680499995604569e+00,4.618590053693368003e-02,-1.032946192554309028e-01,-6.748324596950236454e-02,4.491030628255673562e+00,4.213252553008788759e+00,1.833556096892228870e+00,5.425284393557874146e-02,-1.039015072333560885e-01,-7.493288572806564019e-02,4.499692707271375269e+00,4.221671808324969355e+00,1.826097048910673371e+00,6.414217039476405313e-02,-1.066599240234668289e-01,-7.419738851794718815e-02,-1.235969813558262187e+00,3.437283261392501288e+00,-6.939735250900368468e-01,-7.704419119793188830e-01,2.898545108595232733e+00,-7.476289324090703570e-01,-3.225374583506833703e-01,2.325255554430701199e+00,-7.579830968397861524e-01,1.138647718464497194e-01,1.724344078333921892e+00,-7.293802430832123651e-01,5.452409663656774264e-01,1.102009829644827521e+00,-6.660167442984187280e-01,9.777692778527429240e-01,4.633557490996821904e-01,-5.712029451949248715e-01,1.416673151692501076e+00,-1.879847325106415445e-01,-4.453548746654405477e-01,1.865845655788878510e+00,-8.500951693313443247e-01,-2.876002663000473691e-01,2.327341639535866591e+00,-1.523077891435714148e+00,-9.639825281344495400e-02
4.425623550228911185e+00,4.173828045513332974e+00,1.841577481386159620e+00,3.948072864380051256e-02,-1.437169264566767191e-01,8.553812612588856945e-02,4.437812358092100062e+00,4.181029659989977887e+00,1.848625422437883525e+00,3.319199666272956012e-02,-1.300297742655023847e-01,5.551312812167168154e-02,4.448878491792809697e+00,4.187457285780920913e+00,1.852669039322925482e+00,2.926535302658462429e-02,-1.182517660704425627e-01,2.545716573676905931e-02,4.458971408572111272e+00,4.193342209610301907e+00,1.853779426908952477e+00,2.753598626704339969e-02,-1.084615240095429950e-01,-3.155217133361373251e-03,4.468243232958413635e+00,4.198914032160634413e+00,1.852164199273854672e+00,2.786898934595693697e-02,-1.007097657914780703e-01,-2.905415496426109329e-02,4.476849168502918808e+00,4.204401350263360371e+00,1.848151281834829573e+00,3.016484502998521833e-02,-9.502439791985806128e-02,-5.110873899983605501e-02,4.484947865245797693e+00,4.210032395822313589e+00,1.842177164609597018e+00,3.435802792992758564e-02,-9.141694052549186045e-02,-6.828567370944073345e-02,4.492701711763189998e+00,4.216035497231578333e+00,1.834779201568215168e+00,4.040996755241939992e-02,-8.989068650956688611e-02,-7.959983571106729605e-02,4.500277044405191162e+00,4.222639268383205469e+00,1.826592983980164453e+00,4.829719608257300456e-02,-9.045033994459411586e-02,-8.407009658713254785e-02,4.507844191082673646e+00,4.230072439621268110e+00,1.818353865350103016e+00,5.799537733074155987e-02,-9.311345171908796958e-02,-8.068034757574092664e-02,-1.272900029428041035e+00,3.558463637898537701e+00,-6.611240824302813124e-01,-8.204920511819878692e-01,3.014100108477101525e+00,-6.952152584944266689e-01,-3.814992655748104533e-01,2.438929140651119543e+00,-6.902344498850658816e-01,5.005389561173729379e-02,1.839748554155870686e+00,-6.509762806968611981e-01,4.802107622660091168e-01,1.222578828013287433e+00,-5.818535568340419406e-01,9.145330927218987549e-01,5.922657112386826572e-01,-4.843998023274107001e-01,1.357623306723639622e+00,-4.775461803446493653e-02,-3.586310974998276890e-01,1.812709052049447767e+00,-6.957134652472770631e-01,-2.036297436126564275e-01,2.281264769435090045e+00,-1.351807699722404221e+00,-1.776504920713911986e-02
4.442812359995127913e+00,4.189689912826088047e+00,1.848625422021420439e+00,3.319199680437184830e-02,-1.300297738720653518e-01,5.551312851246567592e-02,4.453814958661262757e+00,4.195999549903756787e+00,1.852768336555074224e+00,2.733922759471736630e-02,-1.163869113351958529e-01,2.742742737065385211e-02,4.463715877172444557e+00,4.201529909056451295e+00,1.854133377993185006e+00,2.367363216463293923e-02,-1.046795247591913308e-01,-4.250328693613641398e-05,4.472662306870166304e+00,4.206508843526830077e+00,1.852847668782308777e+00,2.205115757870914489e-02,-9.496968492928717365e-02,-2.558506081578159827e-02,4.480804073264109455e+00,4.211162663837280107e+00,1.849159243278520881e+00,2.236297445026141223e-02,-8.728962149873713272e-02,-4.809380681051334677e-02,4.488293761452218256e+00,4.215717002282956649e+00,1.843420520373792115e+00,2.453792097516102264e-02,-8.165460358223324000e-02,-6.659584278869630503e-02,4.495287263497115937e+00,4.220397596007989804e+00,1.836076987946668737e+00,2.853705266354589209e-02,-7.806979615033968201e-02,-8.020163524013500245e-02,4.501944081484988480e+00,4.225430748533287151e+00,1.827660809686301402e+00,3.434640608546822571e-02,-7.653210541637531228e-02,-8.806587509098677546e-02,4.508427259561210931e+00,4.231043400963978129e+00,1.818788783488627603e+00,4.196351610811764610e-02,-7.703858455992043663e-02,-8.933959830166060545e-02,4.514903543038047751e+00,4.237462704026221161e+00,1.810164626760582873e+00,5.137854815873097586e-02,-7.960417716495075957e-02,-8.313141109452978905e-02,-1.315345579052877190e+00,3.674820420019813572e+00,-6.187965745224902614e-01,-8.748376735066417664e-01,3.125385745834166507e+00,-6.334546253028261464e-01,-4.443224283778755002e-01,2.548527260159654251e+00,-6.133808674369759517e-01,-1.751032316128457028e-02,1.952413802736517212e+00,-5.644873918080932640e-01,4.116217939651278246e-01,1.341800148465760012e+00,-4.893982889807730330e-01,8.478765121224438595e-01,7.200511893642379535e-01,-3.890748205511927460e-01,1.295217369978824529e+00,9.097340396595975098e-02,-2.635918249548986347e-01,1.755826926223158058e+00,-5.429989104284907997e-01,-1.120020743163891858e-01,2.229277067343157448e+00,-1.183712721154587699e+00,6.726942034272467841e-02
4.458814960218745682e+00,4.204659802842328986e+00,1.852768336045972575e+00,2.733922756714388461e-02,-1.163869108003541403e-01,2.742742733853397938e-02,4.468652107108579408e+00,4.210072710643255611e+00,1.854218801870212152e+00,2.176548907936434393e-02,-1.028077132622258194e-01,1.653233557751678873e-03,4.477405595346320766e+00,4.214698396070710729e+00,1.853152066032902390e+00,1.821337690931101871e-02,-9.117915327782044610e-02,-2.291089824384731632e-02,4.485220349670956175e+00,4.218760964404070890e+00,1.849746439832499201e+00,1.656712144343108761e-02,-8.154707736084360059e-02,-4.511881252468834952e-02,4.492244027328536227e+00,4.222483544762864582e+00,1.844286127833862254e+00,1.674520701441253867e-02,-7.393524287830423314e-02,-6.400695057167815616e-02,4.498627163477631363e+00,4.226088949297401420e+00,1.837145197527210616e+00,1.870094562893554954e-02,-6.834991380446903131e-02,-7.874054988376502640e-02,4.504523326356908441e+00,4.229800255231510597e+00,1.828777113051275771e+00,2.241786215544447694e-02,-6.478576181015410773e-02,-8.856517603950457562e-02,4.510089242084996286e+00,4.233841209533470540e+00,1.819708943032517956e+00,2.790107411846642210e-02,-6.323297818386752756e-02,-9.276173114064502345e-02,4.515484849500226439e+00,4.238436385696516595e+00,1.810539896171040608e+00,3.516554457278207174e-02,-6.368578894271192947e-02,-9.060484347512999526e-02,4.520873224670104662e+00,4.243811043904920588e+00,1.801943720725589060e+00,4.422167177272998823e-02,-6.615258437578215578e-02,-8.132709616356698090e-02,-1.365096081541137485e+00,3.784998050056981089e+00,-5.647975969349363634e-01,-9.358296085730039016e-01,3.232267000170332416e+00,-5.616960240171438024e-01,-5.118874815203912076e-01,2.655847114440450518e+00,-5.292868689560260576e-01,-8.800855559454499877e-02,2.062122684646908954e+00,-4.714580864514889003e-01,3.407319029021786405e-01,1.456589356844490091e+00,-3.902998065172024189e-01,7.785289114040725433e-01,8.435675871415270199e-01,-2.868117671378934697e-01,1.228509270826322997e+00,2.259762878952372434e-01,-1.610344301634319963e-01,1.692460081676417927e+00,-3.948994732307798960e-01,-1.218143903994872539e-02,2.170590906158681221e+00,-1.019671388189856032e+00,1.611477294897620538e-01
4.473652108362381696e+00,4.218732963710521311e+00,1.854218801323728849e+00,2.176548916687545687e-02,-1.028077127988059752e-01,1.653233320548480600e-03,4.482341263843474977e+00,4.223241763367280299e+00,1.853219555004758767e+00,1.632093634425110795e-02,-8.929914247900479218e-02,-2.157167622629639625e-02,4.489961605217069440e+00,4.226952544218899988e+00,1.849988111596811757e+00,1.274869517023022314e-02,-7.775337241581312120e-02,-4.298203116738601864e-02,4.496656493009107969e+00,4.230085621944774665e+00,1.844755576634169669e+00,1.095903767916511611e-02,-6.820251392360303366e-02,-6.159337235151781526e-02,4.502571890591110737e+00,4.232860706872744849e+00,1.837842808396796812e+00,1.089711639030043616e-02,-6.065893304002323988e-02,-7.659395663381467212e-02,4.507856429416934319e+00,4.235497546630738519e+00,1.829645691442922883e+00,1.254121491691186953e-02,-5.511984189242757903e-02,-8.729368690715078039e-02,4.512661477343613114e+00,4.238216466714296082e+00,1.820625299740904479e+00,1.589671869479625937e-02,-5.157301842983998824e-02,-9.307744122917546714e-02,4.517141181176987708e+00,4.241238729898781479e+00,1.811302502226068922e+00,2.098693140754822814e-02,-5.000358660085702650e-02,-9.336288482974404446e-02,4.521452442299096930e+00,4.244786660529108246e+00,1.802256649240140174e+00,2.784150025870087142e-02,-5.040210247103889957e-02,-8.756100309067538223e-02,4.525754773968489353e+00,4.249083497975049362e+00,1.794128121492658545e+00,3.648279912791430740e-02,-5.277417675674242470e-02,-7.503824389188748500e-02,-1.422177988983850838e+00,3.890252613085836586e+00,-5.030099158983667440e-01,-1.002564122759451504e+00,3.334292928400344636e+00,-4.832103665980712059e-01,-5.845579893313774811e-01,2.757901121865556693e+00,-4.379638317467347552e-01,-1.633774968245596815e-01,2.167265189026409189e+00,-3.704691023021210450e-01,2.652538217688249489e-01,1.567595837204280418e+00,-2.827685315009155209e-01,7.047697648815677285e-01,9.628823485029150975e-01,-1.758970107360944835e-01,1.157498783441129886e+00,3.556953793717693713e-01,-5.003015625860002952e-02,1.624456683833640502e+00,-2.530187254076293191e-01,9.541138116739061870e-02,2.105165413772564609e+00,-8.641533645618970638e-01,2.616785352655526253e-01
4.487341264818406117e+00,4.231902016458474414e+00,1.853219553935617769e+00,1.632093601914013509e-02,-8.929914216314764619e-02,-2.157167628164732842e-02,4.494896735020375900e+00,4.235496201018762896e+00,1.850038920930724418e+00,1.086171094302728138e-02,-7.586843818879936141e-02,-4.197416270963840595e-02,4.501395656577194870e+00,4.238278225955508738e+00,1.844938168850795313e+00,7.142727647572949881e-03,-6.440897906254056116e-02,-5.997119563727967839e-02,4.506980186675080269e+00,4.240464686862691401e+00,1.838199616979592665e+00,5.101051905513236985e-03,-5.494037926058857602e-02,-7.473524314572713156e-02,4.511794913082612268e+00,4.242271972468737218e+00,1.830180083921025824e+00,4.708210392798894972e-03,-4.746456448611859058e-02,-8.560244216422906172e-02,4.515986838109449231e+00,4.243916876603128330e+00,1.821296895336053323e+00,5.966291869656515506e-03,-4.197043503924068053e-02,-9.202501410959033901e-02,4.519705364051919361e+00,4.245617085795239554e+00,1.812018443787157373e+00,8.900683749489440508e-03,-3.843947282840783075e-02,-9.352782814102605924e-02,4.523102249803087282e+00,4.247591482839236043e+00,1.802858918061664983e+00,1.355041375771157304e-02,-3.685240366359706504e-02,-8.966844627865049044e-02,4.526331503394903422e+00,4.250060226880629344e+00,1.794376971377440233e+00,1.995677340918508222e-02,-3.719704091894516368e-02,-7.999827718915372698e-02,4.529549162503065496e+00,4.253244584383476301e+00,1.787178111255329327e+00,2.815049848871054028e-02,-3.947739421336670523e-02,-6.402691872686676333e-02,-1.487553904193371634e+00,3.989789863908284051e+00,-4.338114527372627927e-01,-1.076079096000588597e+00,3.430899790077891698e+00,-3.975852239664853793e-01,-6.627646179179563779e-01,2.854654460813796035e+00,-3.391824431867314638e-01,-2.433645950221707266e-01,2.267023790229677704e+00,-2.616834921353407006e-01,1.856882620096738934e-01,1.672900079546936647e+00,-1.671452886015346584e-01,6.270285439226296331e-01,1.075907829479022748e+00,-5.673361274510706903e-02,1.082157652242657919e+00,4.782125255423760324e-01,6.916426050639989942e-02,1.551295335838245526e+00,-1.196434660980433690e-01,2.108904301129742864e-01,2.033253265044819624e+00,-7.189194479251953540e-01,3.694024894683200499e-01
4.499896735834843398e+00,4.244156454201184481e+00,1.850038919960222072e+00,1.086171061912189102e-02,-7.586843796714067001e-02,-4.197416283644663654e-02,4.506330184918636128e+00,4.246821990418236048e+00,1.844972278210182726e+00,5.253899309907871309e-03,-6.252071816006560256e-02,-5.929492915665611485e-02,4.511717036195046049e+00,4.248657653125664346e+00,1.838322899406273248e+00,1.274041246344090371e-03,-5.115015246454304026e-02,-7.363151409562170013e-02,4.516198598762710681e+00,4.249876560797344993e+00,1.830423418845803285e+00,-1.113593562291442535e-03,-4.176459878910521867e-02,-8.430675554193324539e-02,4.519918402274290870e+00,4.250692044816040571e+00,1.821666241012793286e+00,-1.911634798705700482e-03,-3.435605116065058862e-02,-9.080082141277687202e-02,4.523022109325012252e+00,4.251318224582721683e+00,1.812490031743179353e+00,-1.095406237077286996e-03,-2.890542509593995585e-02,-9.270665925702469001e-02,4.525657420355896576e+00,4.251970436273251330e+00,1.803370477621958345e+00,1.378656498057826774e-03,-2.538829634984131334e-02,-8.968922782302329866e-02,4.527973942304011956e+00,4.252865471044922963e+00,1.794814989246875658e+00,5.562848510194179016e-03,-2.378158383761159664e-02,-8.144739325727540225e-02,4.530122986165443955e+00,4.254221595084231922e+00,1.787361102254779954e+00,1.150710321972977547e-02,-2.407123023516416840e-02,-6.767805507937386944e-02,4.532257256507465470e+00,4.256258336107769935e+00,1.781578498264657195e+00,1.924679841214576442e-02,-2.626096874475408738e-02,-4.803957695268205874e-02,-1.561556368215718082e+00,4.083337539651327397e+00,-3.575130093318050761e-01,-1.156530547744035742e+00,3.521540341754435310e+00,-3.046579269174495286e-01,-7.465205702843665803e-01,2.945324476243058598e+00,-2.327947161498118422e-01,-3.278844302764494789e-01,2.360388085339276021e+00,-1.449820395485332258e-01,1.022196824907409124e-01,1.771274446742373998e+00,-4.336962072029450221e-02,5.456035821163116584e-01,1.181182873706329239e+00,7.068718290210351807e-02,1.002895307932842872e+00,5.918188439408619272e-01,1.965470518659875321e-01,1.473511055567213290e+00,3.255571758788195109e-03,3.342132150709596905e-01,1.955506530121823294e+00,-5.861913752088544483e-01,4.843386142873212230e-01
4.511330185593331876e+00,4.255482243702828349e+00,1.844972277356317525e+00,5.253899007041927180e-03,-6.252071805082000389e-02,-5.929492935367219886e-02,4.516650897280153565e+00,4.257201344857463710e+00,1.838340154181615782e+00,-6.233203987583902555e-04,-4.925958847203643076e-02,-7.328976997259085968e-02,4.520932898164914171e+00,4.258069227269550616e+00,1.830486724993677372e+00,-4.962822175691669092e-03,-3.797954768218779475e-02,-8.372868455679466360e-02,4.524317001779535552e+00,4.258295938509264467e+00,1.821794498686701180e+00,-7.772958193455766114e-03,-2.867705947689035140e-02,-9.007963226948992319e-02,4.526946018169946129e+00,4.258092189914992609e+00,1.812691466144366492e+00,-9.031061772881210370e-03,-2.133428790754912305e-02,-9.196322828288655549e-02,4.528964599156411808e+00,4.257669887535493913e+00,1.803637922685082717e+00,-8.691091365721539605e-03,-1.592423245925560921e-02,-8.911098652699556144e-02,4.530519059877437194e+00,4.257242493452390697e+00,1.795117252779777850e+00,-6.693160144544954213e-03,-1.241674803455446001e-02,-8.132785746462212195e-02,4.531757147168015365e+00,4.257025183830108972e+00,1.787630356253034680e+00,-2.974056643445613726e-03,-1.078541829957549783e-02,-6.845687125356772484e-02,4.532827727761628900e+00,4.257234789807149866e+00,1.781693650709466281e+00,2.521695683793157092e-03,-1.101529695299425030e-02,-5.034296446109385453e-02,4.533880366152886587e+00,4.258089519367220355e+00,1.777840578360832646e+00,9.830418442527228892e-03,-1.311129775949708247e-02,-2.679901366284296108e-02,-1.644192893721457827e+00,4.170516156710166733e+00,-2.740195272464074905e-01,-1.243797725294174317e+00,3.605668729234265069e+00,-2.042921455779142526e-01,-8.356635701471457622e-01,3.029164082945741576e+00,-1.186718659112390717e-01,-4.167033557087345130e-01,2.446411774846704024e+00,-2.026072496378673871e-02,1.519289141925030812e-02,1.861561001308315255e+00,8.864413799765261115e-02,4.609907564375872457e-01,1.277337357218706115e+00,2.064310681896051602e-01,9.204323029657615063e-01,6.949238742744274777e-01,3.321185880428831338e-01,1.391986015374734764e+00,1.138673110551718937e-01,4.653809624436086589e-01,1.872920374780886021e+00,-4.679943469098549191e-01,6.064874093859247139e-01
4.521650897836161143e+00,4.265861598247194131e+00,1.838340153454194326e+00,-6.233206821871671230e-04,-4.925958847780047972e-02,-7.328977022765910398e-02,4.525865997787223094e+00,4.266612662140192747e+00,1.830486818289937645e+00,-6.874696163657102212e-03,-3.608661360439666815e-02,-8.372743026055698423e-02,4.529048413912493132e+00,4.266487637048015813e+00,1.821796635275646947e+00,-1.165441220223173598e-02,-2.489708095674191685e-02,-9.003887612630272208e-02,4.531338865432961605e+00,4.265694079826238827e+00,1.812702091875105559e+00,-1.494334877746185571e-02,-1.567594887273981996e-02,-9.183205246891498752e-02,4.532879848501904618e+00,4.264440696904554073e+00,1.803667315102856605e+00,-1.669413857025442080e-02,-8.395310279812594548e-03,-8.886428787666518503e-02,4.533815411425971220e+00,4.262937827634733168e+00,1.795175035106860495e+00,-1.684059306083770038e-02,-3.020041167460989738e-03,-8.100431176139322176e-02,4.534290882876772955e+00,4.261397726794337260e+00,1.787717220754875491e+00,-1.530824583006311357e-02,4.856283905602552450e-04,-6.819682994162680478e-02,4.534452498467860693e+00,4.260034624212052812e+00,1.781788955793145002e+00,-1.202531919027161229e-02,2.151281517558737300e-03,-5.043308916568177425e-02,4.534446962850778640e+00,4.259064567598197293e+00,1.777885729103011236e+00,-6.933724668906310167e-03,1.992086209012597278e-03,-2.771235348084986894e-02,4.534420876917086396e+00,4.258705035160220476e+00,1.776504715117505517e+00,0.000000000000000000e+00,0.000000000000000000e+00,0.000000000000000000e+00,-1.735184843335997984e+00,4.251119174608249729e+00,-1.832666843069411522e-01,-1.337571313650445237e+00,3.682827999499441951e+00,-9.638741042821218075e-02,-9.297290754297984350e-01,3.105481123132283194e+00,3.310438011712492704e-03,-5.092003836389493721e-01,2.524165647166263682e+00,1.126240624844907501e-01,-7.467080480576376855e-02,1.942592808822335870e+00,2.290288134083122984e-01,3.739610686969175313e-01,1.362956928849579086e+00,3.506161700405183157e-01,8.355477957676823442e-01,7.860929542846576412e-01,4.759465942314595743e-01,1.307683478979030589e+00,2.108790941851066136e-01,6.043076089331643752e-01,1.786715584037549709e+00,-3.658901346969530288e-01,7.358206475889926823e-01
4.530865998237678660e+00,4.275272915630400128e+00,1.830486817695423429e+00,-6.874696441765947193e-03,-3.608661373453126570e-02,-8.372743053351465459e-02,4.533910137131709206e+00,4.274938071801114070e+00,1.822023518821665800e+00,-1.503350457337476569e-02,-2.117091081365130717e-02,-8.551745715352226940e-02,4.535800699880236486e+00,4.273548814701102039e+00,1.813509549962808443e+00,-2.119016222170212391e-02,-8.728446487279805863e-03,-8.474657694128404084e-02,4.536732273873725241e+00,4.271387242423442032e+00,1.805225014924026761e+00,-2.524878376477436917e-02,8.253204438225251105e-04,-8.094169005847370868e-02,4.536922667307174528e+00,4.268744357930228439e+00,1.797474848872383735e+00,-2.710027528436968411e-02,7.538440990926968503e-03,-7.407438966347051901e-02,4.536590676501773167e+00,4.265914450876140407e+00,1.790556625642455435e+00,-2.663507720338202309e-02,1.146420004171642450e-02,-6.431923490985161362e-02,4.535955472259699306e+00,4.263194830342804664e+00,1.784748703344919418e+00,-2.375441038956151857e-02,1.265027922942457174e-02,-5.188465280705788912e-02,4.535236213902059887e+00,4.260885364209528348e+00,1.780309836731759354e+00,-1.838047178928569128e-02,1.113033550317277243e-02,-3.695210100871098441e-02,4.534651848687203390e+00,4.259287829326443564e+00,1.777483396570927354e+00,-1.046547524367181722e-02,6.917784641908129688e-03,-1.964569219726425633e-02,4.534420876917086396e+00,4.258705035160220476e+00,1.776504715117505517e+00,0.000000000000000000e+00,0.000000000000000000e+00,0.000000000000000000e+00,-2.202662315147319028e+00,4.999949193516028956e+00,7.086200026597411217e-02,-1.652892098014220768e+00,4.241497802930257244e+00,1.130487543132825123e-01,-1.083282555070520736e+00,3.325114866401318814e+00,1.645485316890957506e-01,-4.932535061245645336e-01,2.409253324927780326e+00,2.191666126024932326e-01,1.165114590171425213e-01,1.500634931723688448e+00,2.718314494549460281e-01,7.440791795698148414e-01,5.967809848261672601e-01,3.216639922299580068e-01,1.386379545229281973e+00,-3.058023773929253175e-01,3.690871264742878743e-01,2.039283449104419610e+00,-1.209738895511921708e+00,4.150291798019207223e-01,2.697649628895270713e+00,-2.116759024891570196e+00,4.609824729430456736e-01
4.538910137448252335e+00,4.283598325435080234e+00,1.822023518385723628e+00,-1.503350497078306813e-02,-2.117091135128497045e-02,-8.551745748061508057e-02,4.540730868552308230e+00,4.282047126220174249e+00,1.813650903439851803e+00,-2.399660026303428520e-02,-6.587574742781981442e-03,-8.192802892469398801e-02,4.541404747547903575e+00,4.279404968233108342e+00,1.805722082317947175e+00,-3.057071688780877566e-02,5.974193107734341451e-03,-7.664292603564469564e-02,4.541126447747751982e+00,4.275991849718852933e+00,1.798431955980329899e+00,-3.462214832508713619e-02,1.507464956367779614e-02,-6.916399814467867613e-02,4.540163924502314430e+00,4.272150080066209554e+00,1.791980656827862450e+00,-3.601636632822441397e-02,2.078251954937634580e-02,-5.988032237033471400e-02,4.538784625843812037e+00,4.268225535771252410e+00,1.786527473002877953e+00,-3.463588154767828498e-02,2.315826544798072276e-02,-4.921728846063204432e-02,4.537255266007360177e+00,4.264567072795932390e+00,1.782189524753604593e+00,-3.038850219525959448e-02,2.224899837668316976e-02,-3.758997453066004885e-02,4.535841702025775746e+00,4.261525781097502907e+00,1.779045070196338951e+00,-2.321275907172935110e-02,1.808401999852410347e-02,-2.535776750004180985e-02,4.534808883866962681e+00,4.259454127453000005e+00,1.777141094024421442e+00,-1.308088613631662803e-02,1.067209208853873124e-02,-1.278402709497671215e-02,4.534420876917086396e+00,4.258705035160220476e+00,1.776504715117505517e+00,0.000000000000000000e+00,0.000000000000000000e+00,0.000000000000000000e+00,-2.374152867006271261e+00,4.999994921102567602e+00,2.151727603771857733e-01,-1.724698597312364745e+00,4.367704395878162948e+00,2.398686534874478193e-01,-1.050301095635818971e+00,3.240271635383134452e+00,2.630016040162833080e-01,-3.524981106206451220e-01,2.123816818042022270e+00,2.778295802823402272e-01,3.661386915073928661e-01,1.011804032718055080e+00,2.836533587513483945e-01,1.102165477931075666e+00,-1.006165700817704539e-01,2.806304992598708248e-01,1.851490746597529213e+00,-1.216360017305026187e+00,2.697546602633055790e-01,2.609562308077713499e+00,-2.336296658226524325e+00,2.527356048825755153e-01,3.371540292899427804e+00,-3.459121987720296776e+00,2.318932191764009887e-01
4.545730868733068419e+00,4.290707379956862688e+00,1.813650903094859324e+00,-2.399660077101249678e-02,-6.587575406909343054e-03,-8.192802908231922032e-02,4.546344396588668069e+00,4.287927363040514805e+00,1.805786843828875554e+00,-3.296800644724345170e-02,7.794468420546230361e-03,-7.534780556643484728e-02,4.545852553067049051e+00,4.284101151578908251e+00,1.798663955429420591e+00,-3.928842601295543663e-02,1.930792398379483840e-02,-6.710660362205674023e-02,4.544501970640279609e+00,4.279582395887467250e+00,1.792439867955121890e+00,-4.281031488213889874e-02,2.714907251926808318e-02,-5.738345430249409268e-02,4.542581180400287799e+00,4.274739017961674215e+00,1.787232983918126017e+00,-4.340271772765649794e-02,3.138990868136088547e-02,-4.677794103782201979e-02,4.540377351099676773e+00,4.269942128801446302e+00,1.783100597122590836e+00,-4.096392244669658234e-02,3.208882355295681471e-02,-3.590933843143868237e-02,4.538176102577760496e+00,4.265565174658802583e+00,1.780039652785407656e+00,-3.542556067179841728e-02,2.928642729164092004e-02,-2.536215309832019413e-02,4.536261460694555936e+00,4.261983039021750130e+00,1.777992669631608180e+00,-2.675239612779898440e-02,2.300421292058918779e-02,-1.563727223804892499e-02,4.534915956126420511e+00,4.259571200295458659e+00,1.776858113019350816e+00,-1.493837147170534035e-02,1.324583946364093698e-02,-7.111732311590816466e-03,4.534420876917086396e+00,4.258705035160220476e+00,1.776504715117505517e+00,0.000000000000000000e+00,0.000000000000000000e+00,0.000000000000000000e+00,-2.341696628224404275e+00,4.999936976024425661e+00,2.957171187202838336e-01,-1.631691030057292879e+00,4.074472300176871897e+00,3.102324783067355596e-01,-8.961323217360651627e-01,2.869088816211466941e+00,3.119042446026157323e-01,-1.380450116585163201e-01,1.669369422667692726e+00,2.996681070011446013e-01,6.387916209365647191e-01,4.685884278131983716e-01,2.731089701343209497e-01,1.430149093601757571e+00,-7.375467848195895737e-01,2.328427503413227906e-01,2.231710176266369139e+00,-1.950696858630112995e+00,1.803848594451988585e-01,3.039399597708904111e+00,-3.169651871953370392e+00,1.179268831595670641e-01,3.849643956514961385e+00,-4.390126378159055598e+00,4.829997926269396363e-02
4.551344396563296257e+00,4.296587617078708732e+00,1.805786843126038210e+00,-3.296800703024681256e-02,7.794468212704372054e-03,-7.534780523116541007e-02,4.550783536751633385e+00,4.292636627807363325e+00,1.798667374821909970e+00,-4.140484413182959206e-02,2.121708423679875832e-02,-6.703073927228783702e-02,4.549225828724765996e+00,4.287745575047456903e+00,1.792462635243758706e+00,-4.703175208549276870e-02,3.093123108743924335e-02,-5.706242470980706083e-02,4.546959968897151150e+00,4.282286065406013975e+00,1.787302942683636431e+00,-4.970886395881545655e-02,3.701885346018564393e-02,-4.614453683079855484e-02,4.544272947587013611e+00,4.276633025156026058e+00,1.783245462839538886e+00,-4.932615837833631556e-02,3.954916925731831456e-02,-3.503503006235516443e-02,4.541449742187070981e+00,4.271163795013943165e+00,1.780271656590033613e+00,-4.580889878776012863e-02,3.857330027161900987e-02,-2.448680071546183168e-02,4.538773177838849371e+00,4.266257163989962464e+00,1.778290474176343894e+00,-3.911768280378064011e-02,3.412244249977569588e-02,-1.519399047720621475e-02,4.536523966891894410e+00,4.262292471607451283e+00,1.777146529907921657e+00,-2.924336860070449531e-02,2.620958530210259693e-02,-7.745984437322097835e-03,4.534980939267530431e+00,4.259648911941162019e+00,1.776632495872218165e+00,-1.619756545464728914e-02,1.483404220130415084e-02,-2.588981676293170952e-03,4.534420876917086396e+00,4.258705035160220476e+00,1.776504715117505517e+00,0.000000000000000000e+00,0.000000000000000000e+00,0.000000000000000000e+00,-2.176352560874614372e+00,4.724409096834181199e+00,3.328022393063277407e-01,-1.436088437676054985e+00,3.517293691413044154e+00,3.375873563493604346e-01,-6.726072599389611995e-01,2.318300550480883793e+00,3.255067463024269858e-01,1.103122694000280152e-01,1.119260018004552215e+00,2.953878870673824486e-01,9.083846404830776544e-01,-8.559469849417339349e-02,2.472625966595234093e-01,1.717266579336516719e+00,-1.299406149322501536e+00,1.821863948293234725e-01,2.532993190637152114e+00,-2.522368485861215426e+00,1.020437163852287443e-01,3.352396694471588390e+00,-3.751438314242304450e+00,9.343830564502072708e-03,4.173432871963051127e+00,-4.976026736366814696e+00,-9.299292422930273416e-02
4.555783536630081620e+00,4.301296882008875500e+00,1.798667373860183716e+00,-4.140484463898743556e-02,2.121708370611904634e-02,-6.703073846748061615e-02,4.554154189132022523e+00,4.296290830616186440e+00,1.792419475677583751e+00,-4.895937502794953794e-02,3.283172134952867804e-02,-5.791273107128139253e-02,4.551674549537661818e+00,4.290484139220236415e+00,1.787158862864857589e+00,-5.363933331035115187e-02,4.078373202274071518e-02,-4.729949587496435487e-02,4.548633884429157170e+00,4.284246963938748820e+00,1.782992815993739599e+00,-5.532402641353280359e-02,4.515284545047602155e-02,-3.603955341702101689e-02,4.545319158424552697e+00,4.277952063681017769e+00,1.779942150380790622e+00,-5.392691153073853050e-02,4.600221485977010194e-02,-2.501042239625216393e-02,4.542014789156564980e+00,4.271973820899435559e+00,1.777941306144488198e+00,-4.939905247524717380e-02,4.337448975791742545e-02,-1.505896698977798355e-02,4.539002593656284112e+00,4.266687251993431573e+00,1.776844063409558361e+00,-4.172614608942133707e-02,3.729182156602552783e-02,-6.948427922584329321e-03,4.536561929226011536e+00,4.262467176965679450e+00,1.776433792165844849e+00,-3.091980649763233224e-02,2.775997215362665735e-02,-1.320583303882884958e-03,4.534970015654317343e+00,4.259687685442266059e+00,1.776437002252016839e+00,-1.700442164231728143e-02,1.477550492396675387e-02,1.332441287219539349e-03,4.534420876917086396e+00,4.258705035160220476e+00,1.776504715117505517e+00,0.000000000000000000e+00,0.000000000000000000e+00,0.000000000000000000e+00,-1.931917852354394283e+00,4.155193519320429019e+00,3.340752413595848846e-01,-1.185811139751550503e+00,2.960231318173494941e+00,3.348487375752022821e-01,-4.195024428595007238e-01,1.767101366846567823e+00,3.152600432653135387e-01,3.629591883135592778e-01,5.687623619775887818e-01,2.746238167928868878e-01,1.157155740235814134e+00,-6.393625952442215654e-01,2.134384078516421979e-01,1.958882726168355903e+00,-1.859098689416769368e+00,1.332270449721848771e-01,2.764667168797851016e+00,-3.089096283751055605e+00,3.613400559860283773e-02,3.572148694188995055e+00,-4.324433605749565146e+00,-7.534349316877080038e-02,4.380648128148657783e+00,-4.999983155798612522e+00,-1.996528259222336843e-01
4.559154189028593152e+00,4.304951084773427361e+00,1.792419474853588657e+00,-4.895937540964658691e-02,3.283172099016663792e-02,-5.791273047581425859e-02,4.556614271100996483e+00,4.299037746879806221e+00,1.787091969727414131e+00,-5.546458686625022061e-02,4.241400114076016720e-02,-4.862237474372266277e-02,4.553388046515227217e+00,4.292474625702073610e+00,1.782761356142536835e+00,-5.909506172152465681e-02,4.851103742791734036e-02,-3.799343239942792189e-02,4.549752927544614245e+00,4.285622140865861240e+00,1.779514731300057884e+00,-5.975487980556778989e-02,5.119637745515932120e-02,-2.696288621349787057e-02,4.545983627150976147e+00,4.278842525741297642e+00,1.777345311760110125e+00,-5.738301885878121372e-02,5.052468736081456441e-02,-1.646842663080857333e-02,4.542352005026815576e+00,4.272498867698323544e+00,1.776155124031580712e+00,-5.195453544528214757e-02,4.652939804580256966e-02,-7.393335823010189524e-03,4.539127092860446133e+00,4.266954189470667735e+00,1.775762642107316047e+00,-4.347542411906085008e-02,3.922462547200189498e-02,-5.225242534318864929e-04,4.536575303819611271e+00,4.262570741466144675e+00,1.775914140032970767e+00,-3.197178534329244565e-02,2.861080517928784456e-02,3.487761441562994748e-03,4.534960826619602869e+00,4.259709665275245527e+00,1.776297536732506011e+00,-1.747444711579911741e-02,1.468301739688837593e-02,4.130217944526047048e-03,4.534420876917086396e+00,4.258705035160220476e+00,1.776504715117505517e+00,0.000000000000000000e+00,0.000000000000000000e+00,0.000000000000000000e+00,-1.655295620713076454e+00,3.501967293422020955e+00,3.151591538669746839e-01,-9.181024764295446783e-01,2.360022901747919732e+00,3.136506768098479281e-01,-1.644025346739979854e-01,1.214798809557720238e+00,2.897093675867103979e-01,6.018498703026331498e-01,6.067106455472557475e-02,2.431789133236630651e-01,1.376534377046140234e+00,-1.105635098295712382e+00,1.750101631339915642e-01,2.155912369130325690e+00,-2.284663740048991976e+00,8.697619471333568886e-02,2.937160971175859725e+00,-3.473850780448067166e+00,-1.869424370234340146e-02,3.718824508194125578e+00,-4.667188823480509896e+00,-1.396106913795265303e-01,4.501272399434241400e+00,-4.999999640084339170e+00,-2.751839008575514556e-01
4.561614271014359900e+00,4.307698001004470534e+00,1.787091969080156995e+00,-5.546458712816126901e-02,4.241400092181312614e-02,-4.862237435034617861e-02,4.558333870994975889e+00,4.301032460498993792e+00,1.782678761273343682e+00,-6.087220627905119696e-02,4.999436006048794262e-02,-3.962887248148833086e-02,4.554528342359485116e+00,4.293864731255169431e+00,1.779225297492870173e+00,-6.345286762553740967e-02,5.433297718933473991e-02,-2.944862548145354628e-02,4.550456452882619018e+00,4.286540831771313620e+00,1.776801506190263780e+00,-6.313546949402232267e-02,5.549500877091997214e-02,-1.905662662213578398e-02,4.546374063117918141e+00,4.279407872642592814e+00,1.775380970881684117e+00,-5.988188347818666074e-02,5.352594662563747024e-02,-9.402234008918973832e-03,4.542534057254393964e+00,4.272813178962501901e+00,1.774845797787604429e+00,-5.368633077586189295e-02,4.845080170562995892e-02,-1.363156740591707451e-03,4.539186432219818101e+00,4.267103490597076387e+00,1.774995431962655301e+00,-4.456890352808847572e-02,4.027734537984630631e-02,4.287417981852544545e-03,4.536578551389302660e+00,4.262624403361762404e+00,1.775558224451273093e+00,-3.256384482819468795e-02,2.900260366611621954e-02,6.903822022549067211e-03,4.534955573527873263e+00,4.259720207658906688e+00,1.776205051215035136e+00,-1.770369248109400148e-02,1.462162489985246831e-02,5.985655673497597418e-03,4.534420876917086396e+00,4.258705035160220476e+00,1.776504715117505517e+00,0.000000000000000000e+00,0.000000000000000000e+00,0.000000000000000000e+00,-1.375090407693391192e+00,2.848959569756051025e+00,2.836028969571126046e-01,-6.564063882447771503e-01,1.780677611979125885e+00,2.809147543996545759e-01,7.513370775540370583e-02,7.054339806405690583e-01,2.549227881678505225e-01,8.159508356960710751e-01,-3.809725476194677496e-01,2.059917813383432827e-01,1.562438169147301270e+00,-1.480591251258207341e+00,1.354000394241831329e-01,2.311470055583176642e+00,-2.592940482805973001e+00,4.500226850312975119e-02,3.060913532189716513e+00,-3.714641171022861954e+00,-6.302829058520764693e-02,3.810051261210466222e+00,-4.839092950116183900e+00,-1.865068410913684194e-01,4.560022763564412607e+00,-4.999999604695532618e+00,-3.252683702061053284e-01
4.563333870923290014e+00,4.309692714600316776e+00,1.782678760802704376e+00,-6.087220644368630112e-02,4.999435993749354323e-02,-3.962887224549428017e-02,4.559476103284877624e+00,4.302423822878166604e+00,1.779132733061875804e+00,-6.522002330446292906e-02,5.576542410565998864e-02,-3.128227732242864351e-02,4.555238611092510048e+00,4.294787822636678243e+00,1.776475325368207514e+00,-6.682015778635103098e-02,5.855431662882570193e-02,-2.187893088422072224e-02,4.550859217378656396e+00,4.287114425413768082e+00,1.774763560974108145e+00,-6.562297863341051696e-02,5.841725948560894111e-02,-1.239063907480957363e-02,4.546572772232178039e+00,4.279733850174986642e+00,1.773959278107363646e+00,-6.160845276774817164e-02,5.539134671878814115e-02,-3.747109900006859607e-03,4.542611149171159823e+00,4.272976055649568394e+00,1.773935306232234055e+00,-5.478431455519373883e-02,4.949481604611798841e-02,3.203206677393176383e-03,4.539203383386043456e+00,4.267170074618137576e+00,1.774484853765339709e+00,-4.517897583790283361e-02,4.073101273100606518e-02,7.718348238391170395e-03,4.536575952140259993e+00,4.262643599422707652e+00,1.775332886948835398e+00,-3.282983912883887662e-02,2.909524817322465401e-02,9.178966465822164036e-03,4.534953159858717164e+00,4.259722949134179260e+00,1.776149275748334144e+00,-1.776802100193584921e-02,1.458459770994263889e-02,7.104693212525182815e-03,4.534420876917086396e+00,4.258705035160220476e+00,1.776504715117505517e+00,0.000000000000000000e+00,0.000000000000000000e+00,0.000000000000000000e+00,-1.110703041081193998e+00,2.250545395511957203e+00,2.447438656865506268e-01,-4.158394443107238936e-01,1.261485763150845374e+00,2.417762976474037706e-01,2.887110854826314688e-01,2.631208994473618890e-01,2.156228082872281016e-01,9.998706760728616194e-01,-7.475082793721085084e-01,1.669534527810399294e-01,1.714613951550414184e+00,-1.771441497692484379e+00,9.721796252298435526e-02,2.430439220854336391e+00,-2.807442237021402498e+00,8.320170792584544867e-03,3.145828048626028384e+00,-3.851640500694988312e+00,-9.778081350204589905e-02,3.860618029402155038e+00,-4.896853644624426849e+00,-2.190524500619004389e-01,4.576409191539219989e+00,-4.999998323322621729e+00,-3.554708917468129559e-01
